(kicad_pcb (version 20171130) (host pcbnew "(5.1.6)-1")

  (general
    (thickness 1.6)
    (drawings 13)
    (tracks 62)
    (zones 0)
    (modules 18)
    (nets 41)
  )

  (page A4)
  (layers
    (0 F.Cu signal)
    (31 B.Cu signal)
    (32 B.Adhes user)
    (33 F.Adhes user)
    (34 B.Paste user)
    (35 F.Paste user)
    (36 B.SilkS user)
    (37 F.SilkS user)
    (38 B.Mask user)
    (39 F.Mask user)
    (40 Dwgs.User user hide)
    (41 Cmts.User user)
    (42 Eco1.User user)
    (43 Eco2.User user)
    (44 Edge.Cuts user)
    (45 Margin user)
    (46 B.CrtYd user hide)
    (47 F.CrtYd user hide)
    (48 B.Fab user)
    (49 F.Fab user hide)
  )

  (setup
    (last_trace_width 2)
    (user_trace_width 2)
    (trace_clearance 0.2)
    (zone_clearance 0.508)
    (zone_45_only no)
    (trace_min 0.2)
    (via_size 0.8)
    (via_drill 0.4)
    (via_min_size 0.4)
    (via_min_drill 0.3)
    (uvia_size 0.3)
    (uvia_drill 0.1)
    (uvias_allowed no)
    (uvia_min_size 0.2)
    (uvia_min_drill 0.1)
    (edge_width 0.05)
    (segment_width 0.2)
    (pcb_text_width 0.3)
    (pcb_text_size 1.5 1.5)
    (mod_edge_width 0.12)
    (mod_text_size 1 1)
    (mod_text_width 0.15)
    (pad_size 2.5 2.5)
    (pad_drill 1.5)
    (pad_to_mask_clearance 0.05)
    (aux_axis_origin 0 0)
    (visible_elements 7FFFFFFF)
    (pcbplotparams
      (layerselection 0x010fc_ffffffff)
      (usegerberextensions false)
      (usegerberattributes true)
      (usegerberadvancedattributes true)
      (creategerberjobfile true)
      (excludeedgelayer true)
      (linewidth 0.100000)
      (plotframeref false)
      (viasonmask false)
      (mode 1)
      (useauxorigin false)
      (hpglpennumber 1)
      (hpglpenspeed 20)
      (hpglpendiameter 15.000000)
      (psnegative false)
      (psa4output false)
      (plotreference true)
      (plotvalue true)
      (plotinvisibletext false)
      (padsonsilk false)
      (subtractmaskfromsilk false)
      (outputformat 1)
      (mirror false)
      (drillshape 1)
      (scaleselection 1)
      (outputdirectory ""))
  )

  (net 0 "")
  (net 1 GND)
  (net 2 "Net-(TB1-Pad1)")
  (net 3 "Net-(TB1-Pad2)")
  (net 4 "Net-(TB1-Pad28)")
  (net 5 "Net-(TB1-Pad5)")
  (net 6 "Net-(TB1-Pad6)")
  (net 7 "Net-(TB1-Pad9)")
  (net 8 +3V3)
  (net 9 "Net-(TB1-Pad18)")
  (net 10 +5V)
  (net 11 "Net-(TB1-Pad30)")
  (net 12 "Net-(C1-Pad1)")
  (net 13 SDA)
  (net 14 SCL)
  (net 15 "Net-(TB1-Pad10)")
  (net 16 "Net-(TB1-Pad11)")
  (net 17 "Net-(TB1-Pad12)")
  (net 18 "Net-(TB1-Pad13)")
  (net 19 "Net-(TB1-Pad14)")
  (net 20 "Net-(TB1-Pad15)")
  (net 21 "Net-(TB1-Pad16)")
  (net 22 IN+)
  (net 23 IN-)
  (net 24 "Net-(TB1-Pad22)")
  (net 25 "Net-(TB1-Pad21)")
  (net 26 "Net-(TB1-Pad20)")
  (net 27 "Net-(J2-Pad2)")
  (net 28 "Net-(R5-Pad1)")
  (net 29 T_sense)
  (net 30 "Net-(TB1-Pad25)")
  (net 31 "Net-(TB1-Pad24)")
  (net 32 "Net-(TB1-Pad23)")
  (net 33 "Net-(TB1-Pad19)")
  (net 34 "Net-(R1-Pad1)")
  (net 35 "Net-(R3-Pad2)")
  (net 36 "Net-(U1-Pad1)")
  (net 37 "Net-(U1-Pad5)")
  (net 38 "Net-(U1-Pad8)")
  (net 39 "Net-(U3-Pad7)")
  (net 40 "Net-(U3-Pad13)")

  (net_class Default "This is the default net class."
    (clearance 0.2)
    (trace_width 0.25)
    (via_dia 0.8)
    (via_drill 0.4)
    (uvia_dia 0.3)
    (uvia_drill 0.1)
    (add_net +3V3)
    (add_net GND)
    (add_net IN+)
    (add_net IN-)
    (add_net "Net-(C1-Pad1)")
    (add_net "Net-(J2-Pad2)")
    (add_net "Net-(R1-Pad1)")
    (add_net "Net-(R3-Pad2)")
    (add_net "Net-(R5-Pad1)")
    (add_net "Net-(TB1-Pad1)")
    (add_net "Net-(TB1-Pad10)")
    (add_net "Net-(TB1-Pad11)")
    (add_net "Net-(TB1-Pad12)")
    (add_net "Net-(TB1-Pad13)")
    (add_net "Net-(TB1-Pad14)")
    (add_net "Net-(TB1-Pad15)")
    (add_net "Net-(TB1-Pad16)")
    (add_net "Net-(TB1-Pad18)")
    (add_net "Net-(TB1-Pad19)")
    (add_net "Net-(TB1-Pad2)")
    (add_net "Net-(TB1-Pad20)")
    (add_net "Net-(TB1-Pad21)")
    (add_net "Net-(TB1-Pad22)")
    (add_net "Net-(TB1-Pad23)")
    (add_net "Net-(TB1-Pad24)")
    (add_net "Net-(TB1-Pad25)")
    (add_net "Net-(TB1-Pad28)")
    (add_net "Net-(TB1-Pad30)")
    (add_net "Net-(TB1-Pad5)")
    (add_net "Net-(TB1-Pad6)")
    (add_net "Net-(TB1-Pad9)")
    (add_net "Net-(U1-Pad1)")
    (add_net "Net-(U1-Pad5)")
    (add_net "Net-(U1-Pad8)")
    (add_net "Net-(U3-Pad13)")
    (add_net "Net-(U3-Pad7)")
    (add_net SCL)
    (add_net SDA)
    (add_net T_sense)
  )

  (net_class Vcc ""
    (clearance 0.2)
    (trace_width 0.5)
    (via_dia 0.8)
    (via_drill 0.4)
    (uvia_dia 0.3)
    (uvia_drill 0.1)
    (add_net +5V)
  )

  (module ARDUINO_NANO:SHIELD_ARDUINO_NANO (layer F.Cu) (tedit 5ED54B25) (tstamp 5ED1D56F)
    (at 133.604 77.724 180)
    (path /5ED12A82)
    (fp_text reference TB1 (at -6.604 -20.32 180) (layer F.SilkS) hide
      (effects (font (size 1.4 1.4) (thickness 0.015)))
    )
    (fp_text value ARDUINO_NANO (at 7.591 27.891 180) (layer F.Fab)
      (effects (font (size 1.4 1.4) (thickness 0.015)))
    )
    (fp_line (start -8.89 -21.59) (end 8.89 -21.59) (layer F.Fab) (width 0.127))
    (fp_line (start 8.89 -21.59) (end 8.89 21.59) (layer F.Fab) (width 0.127))
    (fp_line (start 8.89 21.59) (end 3 21.59) (layer F.Fab) (width 0.127))
    (fp_line (start 3 21.59) (end -2.97 21.59) (layer F.Fab) (width 0.127))
    (fp_line (start -2.97 21.59) (end -8.89 21.59) (layer F.Fab) (width 0.127))
    (fp_line (start -8.89 21.59) (end -8.89 -21.59) (layer F.Fab) (width 0.127))
    (fp_line (start -8.89 -21.59) (end 8.89 -21.59) (layer F.SilkS) (width 0.127))
    (fp_line (start 8.89 -21.59) (end 8.89 21.59) (layer F.SilkS) (width 0.127))
    (fp_line (start 8.89 21.59) (end -8.89 21.59) (layer F.SilkS) (width 0.127))
    (fp_line (start -8.89 21.59) (end -8.89 -21.59) (layer F.SilkS) (width 0.127))
    (fp_line (start -9.14 -21.84) (end 9.14 -21.84) (layer F.CrtYd) (width 0.05))
    (fp_line (start 9.14 -21.84) (end 9.14 21.84) (layer F.CrtYd) (width 0.05))
    (fp_line (start -9.14 21.84) (end -9.14 -21.84) (layer F.CrtYd) (width 0.05))
    (fp_line (start -2.97 21.59) (end -2.97 23.495) (layer F.Fab) (width 0.127))
    (fp_line (start -2.97 23.495) (end 3 23.495) (layer F.Fab) (width 0.127))
    (fp_line (start 3 23.495) (end 3 21.59) (layer F.Fab) (width 0.127))
    (fp_line (start -9.14 21.84) (end -3.22 21.84) (layer F.CrtYd) (width 0.05))
    (fp_line (start -3.22 21.84) (end -3.22 23.745) (layer F.CrtYd) (width 0.05))
    (fp_line (start -3.22 23.745) (end 3.25 23.745) (layer F.CrtYd) (width 0.05))
    (fp_line (start 3.25 23.745) (end 3.25 21.84) (layer F.CrtYd) (width 0.05))
    (fp_line (start 3.25 21.84) (end 9.14 21.84) (layer F.CrtYd) (width 0.05))
    (pad 30 thru_hole circle (at 7.62 -17.78 180) (size 1.8 1.8) (drill 0.9) (layers *.Cu *.Mask)
      (net 11 "Net-(TB1-Pad30)"))
    (pad 29 thru_hole circle (at 7.62 -15.24 180) (size 1.8 1.8) (drill 0.9) (layers *.Cu *.Mask)
      (net 1 GND))
    (pad 28 thru_hole circle (at 7.62 -12.7 180) (size 1.8 1.8) (drill 0.9) (layers *.Cu *.Mask)
      (net 4 "Net-(TB1-Pad28)"))
    (pad 27 thru_hole circle (at 7.62 -10.16 180) (size 1.8 1.8) (drill 0.9) (layers *.Cu *.Mask)
      (net 10 +5V))
    (pad 26 thru_hole circle (at 7.62 -7.62 180) (size 1.8 1.8) (drill 0.9) (layers *.Cu *.Mask)
      (net 29 T_sense))
    (pad 25 thru_hole circle (at 7.62 -5.08 180) (size 1.8 1.8) (drill 0.9) (layers *.Cu *.Mask)
      (net 30 "Net-(TB1-Pad25)"))
    (pad 24 thru_hole circle (at 7.62 -2.54 180) (size 1.8 1.8) (drill 0.9) (layers *.Cu *.Mask)
      (net 31 "Net-(TB1-Pad24)"))
    (pad 23 thru_hole circle (at 7.62 0 180) (size 1.8 1.8) (drill 0.9) (layers *.Cu *.Mask)
      (net 32 "Net-(TB1-Pad23)"))
    (pad 22 thru_hole circle (at 7.62 2.54 180) (size 1.8 1.8) (drill 0.9) (layers *.Cu *.Mask)
      (net 24 "Net-(TB1-Pad22)"))
    (pad 21 thru_hole circle (at 7.62 5.08 180) (size 1.8 1.8) (drill 0.9) (layers *.Cu *.Mask)
      (net 25 "Net-(TB1-Pad21)"))
    (pad 20 thru_hole circle (at 7.62 7.62 180) (size 1.8 1.8) (drill 0.9) (layers *.Cu *.Mask)
      (net 26 "Net-(TB1-Pad20)"))
    (pad 19 thru_hole circle (at 7.62 10.16 180) (size 1.8 1.8) (drill 0.9) (layers *.Cu *.Mask)
      (net 33 "Net-(TB1-Pad19)"))
    (pad 18 thru_hole circle (at 7.62 12.7 180) (size 1.8 1.8) (drill 0.9) (layers *.Cu *.Mask)
      (net 9 "Net-(TB1-Pad18)"))
    (pad 17 thru_hole circle (at 7.62 15.24 180) (size 1.8 1.8) (drill 0.9) (layers *.Cu *.Mask)
      (net 8 +3V3))
    (pad 16 thru_hole circle (at 7.62 17.78 180) (size 1.8 1.8) (drill 0.9) (layers *.Cu *.Mask)
      (net 21 "Net-(TB1-Pad16)"))
    (pad 15 thru_hole circle (at -7.62 17.78 180) (size 1.8 1.8) (drill 0.9) (layers *.Cu *.Mask)
      (net 20 "Net-(TB1-Pad15)"))
    (pad 14 thru_hole circle (at -7.62 15.24 180) (size 1.8 1.8) (drill 0.9) (layers *.Cu *.Mask)
      (net 19 "Net-(TB1-Pad14)"))
    (pad 13 thru_hole circle (at -7.62 12.7 180) (size 1.8 1.8) (drill 0.9) (layers *.Cu *.Mask)
      (net 18 "Net-(TB1-Pad13)"))
    (pad 12 thru_hole circle (at -7.62 10.16 180) (size 1.8 1.8) (drill 0.9) (layers *.Cu *.Mask)
      (net 17 "Net-(TB1-Pad12)"))
    (pad 11 thru_hole circle (at -7.62 7.62 180) (size 1.8 1.8) (drill 0.9) (layers *.Cu *.Mask)
      (net 16 "Net-(TB1-Pad11)"))
    (pad 10 thru_hole circle (at -7.62 5.08 180) (size 1.8 1.8) (drill 0.9) (layers *.Cu *.Mask)
      (net 15 "Net-(TB1-Pad10)"))
    (pad 9 thru_hole circle (at -7.62 2.54 180) (size 1.8 1.8) (drill 0.9) (layers *.Cu *.Mask)
      (net 7 "Net-(TB1-Pad9)"))
    (pad 8 thru_hole circle (at -7.62 0 180) (size 1.8 1.8) (drill 0.9) (layers *.Cu *.Mask)
      (net 14 SCL))
    (pad 7 thru_hole circle (at -7.62 -2.54 180) (size 1.8 1.8) (drill 0.9) (layers *.Cu *.Mask)
      (net 13 SDA))
    (pad 6 thru_hole circle (at -7.62 -5.08 180) (size 1.8 1.8) (drill 0.9) (layers *.Cu *.Mask)
      (net 6 "Net-(TB1-Pad6)"))
    (pad 5 thru_hole circle (at -7.62 -7.62 180) (size 1.8 1.8) (drill 0.9) (layers *.Cu *.Mask)
      (net 5 "Net-(TB1-Pad5)"))
    (pad 4 thru_hole circle (at -7.62 -10.16 180) (size 1.8 1.8) (drill 0.9) (layers *.Cu *.Mask)
      (net 1 GND))
    (pad 3 thru_hole circle (at -7.62 -12.7 180) (size 1.8 1.8) (drill 0.9) (layers *.Cu *.Mask)
      (net 4 "Net-(TB1-Pad28)"))
    (pad 2 thru_hole circle (at -7.62 -15.24 180) (size 1.8 1.8) (drill 0.9) (layers *.Cu *.Mask)
      (net 3 "Net-(TB1-Pad2)"))
    (pad 1 thru_hole rect (at -7.62 -17.78 180) (size 1.8 1.8) (drill 0.9) (layers *.Cu *.Mask)
      (net 2 "Net-(TB1-Pad1)"))
    (model "C:/Users/alfre/Desktop/HydrogelHeater/cad_files/parts/arduino nano.STEP"
      (offset (xyz -7.6 17.8 10.65))
      (scale (xyz 1 1 1))
      (rotate (xyz -90 0 90))
    )
    (model C:/Users/alfre/Desktop/HydrogelHeater/cad_files/parts/female_header_a-bl254-eg-g15d.stp
      (offset (xyz 7.6 0 0))
      (scale (xyz 1 1 1))
      (rotate (xyz -90 0 90))
    )
    (model C:/Users/alfre/Desktop/HydrogelHeater/cad_files/parts/female_header_a-bl254-eg-g15d.stp
      (offset (xyz -7.6 0 0))
      (scale (xyz 1 1 1))
      (rotate (xyz -90 0 90))
    )
  )

  (module peltier_driver_pcb:OLED_128x32_I2C (layer F.Cu) (tedit 5ED43870) (tstamp 5ED57CEB)
    (at 112.268 56.134)
    (descr "Through hole straight pin header, 1x04, 2.54mm pitch, single row")
    (tags "Through hole pin header THT 1x04 2.54mm single row")
    (path /5ED1570B)
    (fp_text reference U2 (at 10.922 3.302) (layer F.SilkS) hide
      (effects (font (size 1 1) (thickness 0.15)))
    )
    (fp_text value OLED_128x32_I2C (at 11.303 21.717 270) (layer F.SilkS) hide
      (effects (font (size 1 1) (thickness 0.15)))
    )
    (fp_line (start 11.992 38) (end 10.976 38) (layer F.SilkS) (width 0.12))
    (fp_line (start 11.992 36.984) (end 11.992 38) (layer F.SilkS) (width 0.12))
    (fp_line (start 11.992 38) (end 11.992 36.984) (layer F.SilkS) (width 0.12))
    (fp_line (start 0 38) (end 1.016 38) (layer F.SilkS) (width 0.12))
    (fp_line (start 0 38) (end 0 36.984) (layer F.SilkS) (width 0.12))
    (fp_line (start 11.992 4.98) (end 11.992 5.996) (layer F.SilkS) (width 0.12))
    (fp_line (start 11.992 4.98) (end 10.976 4.98) (layer F.SilkS) (width 0.12))
    (fp_line (start 11.992 4.98) (end 11.992 3.964) (layer F.SilkS) (width 0.12))
    (fp_line (start 0.046 4.98) (end 0.046 5.996) (layer F.SilkS) (width 0.12))
    (fp_line (start 1.062 4.98) (end 0.046 4.98) (layer F.SilkS) (width 0.12))
    (fp_line (start 0.046 4.98) (end 1.062 4.98) (layer F.SilkS) (width 0.12))
    (fp_line (start 0.046 4.98) (end 0.046 3.964) (layer F.SilkS) (width 0.12))
    (fp_line (start 11.992 0) (end 11.992 1.016) (layer F.SilkS) (width 0.12))
    (fp_line (start 10.976 0) (end 11.992 0) (layer F.SilkS) (width 0.12))
    (fp_line (start 0 0) (end 0 1.016) (layer F.SilkS) (width 0.12))
    (fp_line (start 0 0) (end 1.016 0) (layer F.SilkS) (width 0.12))
    (fp_line (start 0 0) (end 0 38) (layer F.CrtYd) (width 0.12))
    (fp_line (start 0 38) (end 12 38) (layer F.CrtYd) (width 0.12))
    (fp_line (start 12 38) (end 12 0) (layer F.CrtYd) (width 0.12))
    (fp_line (start 12 0) (end 0 0) (layer F.CrtYd) (width 0.12))
    (fp_line (start 0 5) (end 12 5) (layer F.CrtYd) (width 0.12))
    (fp_line (start 1 6) (end 11 6) (layer F.CrtYd) (width 0.12))
    (fp_line (start 1 37) (end 11 37) (layer F.CrtYd) (width 0.12))
    (fp_line (start 1 6) (end 1 37) (layer F.CrtYd) (width 0.12))
    (fp_line (start 11 37) (end 11 6) (layer F.CrtYd) (width 0.12))
    (fp_text user GND (at 2.286 -3.81 180) (layer F.SilkS)
      (effects (font (size 0.7 0.7) (thickness 0.15)))
    )
    (fp_text user Vcc (at 4.826 -3.81 180) (layer F.SilkS)
      (effects (font (size 0.7 0.7) (thickness 0.15)))
    )
    (fp_text user SCL (at 7.366 -3.81 180) (layer F.SilkS)
      (effects (font (size 0.7 0.7) (thickness 0.15)))
    )
    (fp_text user SDA (at 9.906 -3.81 180) (layer F.SilkS)
      (effects (font (size 0.7 0.7) (thickness 0.15)))
    )
    (pad 4 thru_hole oval (at 9.81 1.5 90) (size 1.7 1.7) (drill 1) (layers *.Cu *.Mask)
      (net 13 SDA))
    (pad 3 thru_hole oval (at 7.27 1.5 90) (size 1.7 1.7) (drill 1) (layers *.Cu *.Mask)
      (net 14 SCL))
    (pad 2 thru_hole oval (at 4.73 1.5 90) (size 1.7 1.7) (drill 1) (layers *.Cu *.Mask)
      (net 8 +3V3))
    (pad 1 thru_hole rect (at 2.19 1.5 90) (size 1.7 1.7) (drill 1) (layers *.Cu *.Mask)
      (net 1 GND))
    (model C:/Users/alfre/Desktop/HydrogelHeater/cad_files/parts/female_header_a-bl254-eg-g04d.stp
      (offset (xyz 6 -1.5 0))
      (scale (xyz 1 1 1))
      (rotate (xyz -90 0 0))
    )
    (model "C:/Users/alfre/Desktop/HydrogelHeater/cad_files/parts/OLED 128x32 Display.step"
      (offset (xyz -0.05 -0.15 11))
      (scale (xyz 1 1 1))
      (rotate (xyz 0 0 90))
    )
  )

  (module Connector_PinHeader_2.54mm:PinHeader_1x02_P2.54mm_Vertical (layer F.Cu) (tedit 59FED5CC) (tstamp 5ED4A44F)
    (at 122.682 98.044 270)
    (descr "Through hole straight pin header, 1x02, 2.54mm pitch, single row")
    (tags "Through hole pin header THT 1x02 2.54mm single row")
    (path /5ED2B4A3)
    (fp_text reference J2 (at 0 -3.302) (layer F.SilkS) hide
      (effects (font (size 1 1) (thickness 0.15)))
    )
    (fp_text value Pt1000_top (at 0 4.87 90) (layer F.Fab)
      (effects (font (size 1 1) (thickness 0.15)))
    )
    (fp_line (start 1.8 -1.8) (end -1.8 -1.8) (layer F.CrtYd) (width 0.05))
    (fp_line (start 1.8 4.35) (end 1.8 -1.8) (layer F.CrtYd) (width 0.05))
    (fp_line (start -1.8 4.35) (end 1.8 4.35) (layer F.CrtYd) (width 0.05))
    (fp_line (start -1.8 -1.8) (end -1.8 4.35) (layer F.CrtYd) (width 0.05))
    (fp_line (start -1.33 -1.33) (end 0 -1.33) (layer F.SilkS) (width 0.12))
    (fp_line (start -1.33 0) (end -1.33 -1.33) (layer F.SilkS) (width 0.12))
    (fp_line (start -1.33 1.27) (end 1.33 1.27) (layer F.SilkS) (width 0.12))
    (fp_line (start 1.33 1.27) (end 1.33 3.87) (layer F.SilkS) (width 0.12))
    (fp_line (start -1.33 1.27) (end -1.33 3.87) (layer F.SilkS) (width 0.12))
    (fp_line (start -1.33 3.87) (end 1.33 3.87) (layer F.SilkS) (width 0.12))
    (fp_line (start -1.27 -0.635) (end -0.635 -1.27) (layer F.Fab) (width 0.1))
    (fp_line (start -1.27 3.81) (end -1.27 -0.635) (layer F.Fab) (width 0.1))
    (fp_line (start 1.27 3.81) (end -1.27 3.81) (layer F.Fab) (width 0.1))
    (fp_line (start 1.27 -1.27) (end 1.27 3.81) (layer F.Fab) (width 0.1))
    (fp_line (start -0.635 -1.27) (end 1.27 -1.27) (layer F.Fab) (width 0.1))
    (fp_text user %R (at 0 1.27) (layer F.Fab)
      (effects (font (size 1 1) (thickness 0.15)))
    )
    (pad 2 thru_hole oval (at 0 2.54 270) (size 1.7 1.7) (drill 1) (layers *.Cu *.Mask)
      (net 27 "Net-(J2-Pad2)"))
    (pad 1 thru_hole rect (at 0 0 270) (size 1.7 1.7) (drill 1) (layers *.Cu *.Mask)
      (net 1 GND))
    (model ${KISYS3DMOD}/Connector_PinHeader_2.54mm.3dshapes/PinHeader_1x02_P2.54mm_Vertical.wrl
      (at (xyz 0 0 0))
      (scale (xyz 1 1 1))
      (rotate (xyz 0 0 0))
    )
  )

  (module Capacitor_SMD:C_0805_2012Metric (layer F.Cu) (tedit 5B36C52B) (tstamp 5ED5413F)
    (at 118.11 66.7385 90)
    (descr "Capacitor SMD 0805 (2012 Metric), square (rectangular) end terminal, IPC_7351 nominal, (Body size source: https://docs.google.com/spreadsheets/d/1BsfQQcO9C6DZCsRaXUlFlo91Tg2WpOkGARC1WS5S8t0/edit?usp=sharing), generated with kicad-footprint-generator")
    (tags capacitor)
    (path /5ED50276)
    (attr smd)
    (fp_text reference C2 (at 2.2225 0) (layer F.SilkS)
      (effects (font (size 1 1) (thickness 0.15)))
    )
    (fp_text value 0.1uF (at 0 1.65 90) (layer F.Fab)
      (effects (font (size 1 1) (thickness 0.15)))
    )
    (fp_line (start -1 0.6) (end -1 -0.6) (layer F.Fab) (width 0.1))
    (fp_line (start -1 -0.6) (end 1 -0.6) (layer F.Fab) (width 0.1))
    (fp_line (start 1 -0.6) (end 1 0.6) (layer F.Fab) (width 0.1))
    (fp_line (start 1 0.6) (end -1 0.6) (layer F.Fab) (width 0.1))
    (fp_line (start -0.258578 -0.71) (end 0.258578 -0.71) (layer F.SilkS) (width 0.12))
    (fp_line (start -0.258578 0.71) (end 0.258578 0.71) (layer F.SilkS) (width 0.12))
    (fp_line (start -1.68 0.95) (end -1.68 -0.95) (layer F.CrtYd) (width 0.05))
    (fp_line (start -1.68 -0.95) (end 1.68 -0.95) (layer F.CrtYd) (width 0.05))
    (fp_line (start 1.68 -0.95) (end 1.68 0.95) (layer F.CrtYd) (width 0.05))
    (fp_line (start 1.68 0.95) (end -1.68 0.95) (layer F.CrtYd) (width 0.05))
    (fp_text user %R (at 0 0 90) (layer F.Fab)
      (effects (font (size 0.5 0.5) (thickness 0.08)))
    )
    (pad 1 smd roundrect (at -0.9375 0 90) (size 0.975 1.4) (layers F.Cu F.Paste F.Mask) (roundrect_rratio 0.25)
      (net 10 +5V))
    (pad 2 smd roundrect (at 0.9375 0 90) (size 0.975 1.4) (layers F.Cu F.Paste F.Mask) (roundrect_rratio 0.25)
      (net 1 GND))
    (model ${KISYS3DMOD}/Capacitor_SMD.3dshapes/C_0805_2012Metric.wrl
      (at (xyz 0 0 0))
      (scale (xyz 1 1 1))
      (rotate (xyz 0 0 0))
    )
  )

  (module Connector_PinHeader_2.54mm:PinHeader_1x04_P2.54mm_Vertical (layer F.Cu) (tedit 59FED5CC) (tstamp 5ED1C4DD)
    (at 122.174 54.356 270)
    (descr "Through hole straight pin header, 1x04, 2.54mm pitch, single row")
    (tags "Through hole pin header THT 1x04 2.54mm single row")
    (path /5ED1B6F5)
    (fp_text reference J1 (at 0.254 -2.794 180) (layer F.SilkS) hide
      (effects (font (size 1 1) (thickness 0.15)))
    )
    (fp_text value Conn_01x04 (at -1.524 -7.112 180) (layer F.Fab)
      (effects (font (size 1 1) (thickness 0.15)))
    )
    (fp_line (start -0.635 -1.27) (end 1.27 -1.27) (layer F.Fab) (width 0.1))
    (fp_line (start 1.27 -1.27) (end 1.27 8.89) (layer F.Fab) (width 0.1))
    (fp_line (start 1.27 8.89) (end -1.27 8.89) (layer F.Fab) (width 0.1))
    (fp_line (start -1.27 8.89) (end -1.27 -0.635) (layer F.Fab) (width 0.1))
    (fp_line (start -1.27 -0.635) (end -0.635 -1.27) (layer F.Fab) (width 0.1))
    (fp_line (start -1.33 8.95) (end 1.33 8.95) (layer F.SilkS) (width 0.12))
    (fp_line (start -1.33 1.27) (end -1.33 8.95) (layer F.SilkS) (width 0.12))
    (fp_line (start 1.33 1.27) (end 1.33 8.95) (layer F.SilkS) (width 0.12))
    (fp_line (start -1.33 1.27) (end 1.33 1.27) (layer F.SilkS) (width 0.12))
    (fp_line (start -1.33 0) (end -1.33 -1.33) (layer F.SilkS) (width 0.12))
    (fp_line (start -1.33 -1.33) (end 0 -1.33) (layer F.SilkS) (width 0.12))
    (fp_line (start -1.8 -1.8) (end -1.8 9.4) (layer F.CrtYd) (width 0.05))
    (fp_line (start -1.8 9.4) (end 1.8 9.4) (layer F.CrtYd) (width 0.05))
    (fp_line (start 1.8 9.4) (end 1.8 -1.8) (layer F.CrtYd) (width 0.05))
    (fp_line (start 1.8 -1.8) (end -1.8 -1.8) (layer F.CrtYd) (width 0.05))
    (fp_text user %R (at 0 3.81) (layer F.Fab)
      (effects (font (size 1 1) (thickness 0.15)))
    )
    (pad 1 thru_hole rect (at 0 0 270) (size 1.7 1.7) (drill 1) (layers *.Cu *.Mask)
      (net 13 SDA))
    (pad 2 thru_hole oval (at 0 2.54 270) (size 1.7 1.7) (drill 1) (layers *.Cu *.Mask)
      (net 14 SCL))
    (pad 3 thru_hole oval (at 0 5.08 270) (size 1.7 1.7) (drill 1) (layers *.Cu *.Mask)
      (net 8 +3V3))
    (pad 4 thru_hole oval (at 0 7.62 270) (size 1.7 1.7) (drill 1) (layers *.Cu *.Mask)
      (net 1 GND))
    (model ${KISYS3DMOD}/Connector_PinHeader_2.54mm.3dshapes/PinHeader_1x04_P2.54mm_Vertical.wrl
      (at (xyz 0 0 0))
      (scale (xyz 1 1 1))
      (rotate (xyz 0 0 0))
    )
  )

  (module Resistor_SMD:R_0805_2012Metric (layer F.Cu) (tedit 5B36C52B) (tstamp 5ED1C53C)
    (at 118.1885 61.976)
    (descr "Resistor SMD 0805 (2012 Metric), square (rectangular) end terminal, IPC_7351 nominal, (Body size source: https://docs.google.com/spreadsheets/d/1BsfQQcO9C6DZCsRaXUlFlo91Tg2WpOkGARC1WS5S8t0/edit?usp=sharing), generated with kicad-footprint-generator")
    (tags resistor)
    (path /5ED53930)
    (attr smd)
    (fp_text reference R7 (at 2.7155 0) (layer F.SilkS)
      (effects (font (size 1 1) (thickness 0.15)))
    )
    (fp_text value 4K7 (at 0 1.65) (layer F.Fab)
      (effects (font (size 1 1) (thickness 0.15)))
    )
    (fp_line (start -1 0.6) (end -1 -0.6) (layer F.Fab) (width 0.1))
    (fp_line (start -1 -0.6) (end 1 -0.6) (layer F.Fab) (width 0.1))
    (fp_line (start 1 -0.6) (end 1 0.6) (layer F.Fab) (width 0.1))
    (fp_line (start 1 0.6) (end -1 0.6) (layer F.Fab) (width 0.1))
    (fp_line (start -0.258578 -0.71) (end 0.258578 -0.71) (layer F.SilkS) (width 0.12))
    (fp_line (start -0.258578 0.71) (end 0.258578 0.71) (layer F.SilkS) (width 0.12))
    (fp_line (start -1.68 0.95) (end -1.68 -0.95) (layer F.CrtYd) (width 0.05))
    (fp_line (start -1.68 -0.95) (end 1.68 -0.95) (layer F.CrtYd) (width 0.05))
    (fp_line (start 1.68 -0.95) (end 1.68 0.95) (layer F.CrtYd) (width 0.05))
    (fp_line (start 1.68 0.95) (end -1.68 0.95) (layer F.CrtYd) (width 0.05))
    (fp_text user %R (at 0 0) (layer F.Fab)
      (effects (font (size 0.5 0.5) (thickness 0.08)))
    )
    (pad 1 smd roundrect (at -0.9375 0) (size 0.975 1.4) (layers F.Cu F.Paste F.Mask) (roundrect_rratio 0.25)
      (net 8 +3V3))
    (pad 2 smd roundrect (at 0.9375 0) (size 0.975 1.4) (layers F.Cu F.Paste F.Mask) (roundrect_rratio 0.25)
      (net 13 SDA))
    (model ${KISYS3DMOD}/Resistor_SMD.3dshapes/R_0805_2012Metric.wrl
      (at (xyz 0 0 0))
      (scale (xyz 1 1 1))
      (rotate (xyz 0 0 0))
    )
  )

  (module Resistor_SMD:R_0805_2012Metric (layer F.Cu) (tedit 5B36C52B) (tstamp 5ED43B47)
    (at 118.1885 59.944)
    (descr "Resistor SMD 0805 (2012 Metric), square (rectangular) end terminal, IPC_7351 nominal, (Body size source: https://docs.google.com/spreadsheets/d/1BsfQQcO9C6DZCsRaXUlFlo91Tg2WpOkGARC1WS5S8t0/edit?usp=sharing), generated with kicad-footprint-generator")
    (tags resistor)
    (path /5ED53E0F)
    (attr smd)
    (fp_text reference R8 (at 2.7155 0) (layer F.SilkS)
      (effects (font (size 1 1) (thickness 0.15)))
    )
    (fp_text value 4K7 (at 0 1.65) (layer F.Fab)
      (effects (font (size 1 1) (thickness 0.15)))
    )
    (fp_line (start 1.68 0.95) (end -1.68 0.95) (layer F.CrtYd) (width 0.05))
    (fp_line (start 1.68 -0.95) (end 1.68 0.95) (layer F.CrtYd) (width 0.05))
    (fp_line (start -1.68 -0.95) (end 1.68 -0.95) (layer F.CrtYd) (width 0.05))
    (fp_line (start -1.68 0.95) (end -1.68 -0.95) (layer F.CrtYd) (width 0.05))
    (fp_line (start -0.258578 0.71) (end 0.258578 0.71) (layer F.SilkS) (width 0.12))
    (fp_line (start -0.258578 -0.71) (end 0.258578 -0.71) (layer F.SilkS) (width 0.12))
    (fp_line (start 1 0.6) (end -1 0.6) (layer F.Fab) (width 0.1))
    (fp_line (start 1 -0.6) (end 1 0.6) (layer F.Fab) (width 0.1))
    (fp_line (start -1 -0.6) (end 1 -0.6) (layer F.Fab) (width 0.1))
    (fp_line (start -1 0.6) (end -1 -0.6) (layer F.Fab) (width 0.1))
    (fp_text user %R (at 0 0) (layer F.Fab)
      (effects (font (size 0.5 0.5) (thickness 0.08)))
    )
    (pad 2 smd roundrect (at 0.9375 0) (size 0.975 1.4) (layers F.Cu F.Paste F.Mask) (roundrect_rratio 0.25)
      (net 14 SCL))
    (pad 1 smd roundrect (at -0.9375 0) (size 0.975 1.4) (layers F.Cu F.Paste F.Mask) (roundrect_rratio 0.25)
      (net 8 +3V3))
    (model ${KISYS3DMOD}/Resistor_SMD.3dshapes/R_0805_2012Metric.wrl
      (at (xyz 0 0 0))
      (scale (xyz 1 1 1))
      (rotate (xyz 0 0 0))
    )
  )

  (module Package_SO:TSSOP-16_4.4x5mm_P0.65mm (layer F.Cu) (tedit 5E476F32) (tstamp 5ED1C62F)
    (at 115.57 72.39 90)
    (descr "TSSOP, 16 Pin (JEDEC MO-153 Var AB https://www.jedec.org/document_search?search_api_views_fulltext=MO-153), generated with kicad-footprint-generator ipc_gullwing_generator.py")
    (tags "TSSOP SO")
    (path /5ED493F3)
    (attr smd)
    (fp_text reference U3 (at 0.254 -0.0635 180) (layer F.SilkS)
      (effects (font (size 1 1) (thickness 0.15)))
    )
    (fp_text value INA260 (at 0 3.45 90) (layer F.Fab)
      (effects (font (size 1 1) (thickness 0.15)))
    )
    (fp_line (start 0 2.735) (end 2.2 2.735) (layer F.SilkS) (width 0.12))
    (fp_line (start 0 2.735) (end -2.2 2.735) (layer F.SilkS) (width 0.12))
    (fp_line (start 0 -2.735) (end 2.2 -2.735) (layer F.SilkS) (width 0.12))
    (fp_line (start 0 -2.735) (end -3.6 -2.735) (layer F.SilkS) (width 0.12))
    (fp_line (start -1.2 -2.5) (end 2.2 -2.5) (layer F.Fab) (width 0.1))
    (fp_line (start 2.2 -2.5) (end 2.2 2.5) (layer F.Fab) (width 0.1))
    (fp_line (start 2.2 2.5) (end -2.2 2.5) (layer F.Fab) (width 0.1))
    (fp_line (start -2.2 2.5) (end -2.2 -1.5) (layer F.Fab) (width 0.1))
    (fp_line (start -2.2 -1.5) (end -1.2 -2.5) (layer F.Fab) (width 0.1))
    (fp_line (start -3.85 -2.75) (end -3.85 2.75) (layer F.CrtYd) (width 0.05))
    (fp_line (start -3.85 2.75) (end 3.85 2.75) (layer F.CrtYd) (width 0.05))
    (fp_line (start 3.85 2.75) (end 3.85 -2.75) (layer F.CrtYd) (width 0.05))
    (fp_line (start 3.85 -2.75) (end -3.85 -2.75) (layer F.CrtYd) (width 0.05))
    (fp_text user %R (at 0 0 90) (layer F.Fab)
      (effects (font (size 1 1) (thickness 0.15)))
    )
    (pad 1 smd roundrect (at -2.8625 -2.275 90) (size 1.475 0.4) (layers F.Cu F.Paste F.Mask) (roundrect_rratio 0.25)
      (net 22 IN+))
    (pad 2 smd roundrect (at -2.8625 -1.625 90) (size 1.475 0.4) (layers F.Cu F.Paste F.Mask) (roundrect_rratio 0.25)
      (net 22 IN+))
    (pad 3 smd roundrect (at -2.8625 -0.975 90) (size 1.475 0.4) (layers F.Cu F.Paste F.Mask) (roundrect_rratio 0.25)
      (net 22 IN+))
    (pad 4 smd roundrect (at -2.8625 -0.325 90) (size 1.475 0.4) (layers F.Cu F.Paste F.Mask) (roundrect_rratio 0.25)
      (net 1 GND))
    (pad 5 smd roundrect (at -2.8625 0.325 90) (size 1.475 0.4) (layers F.Cu F.Paste F.Mask) (roundrect_rratio 0.25)
      (net 1 GND))
    (pad 6 smd roundrect (at -2.8625 0.975 90) (size 1.475 0.4) (layers F.Cu F.Paste F.Mask) (roundrect_rratio 0.25)
      (net 1 GND))
    (pad 7 smd roundrect (at -2.8625 1.625 90) (size 1.475 0.4) (layers F.Cu F.Paste F.Mask) (roundrect_rratio 0.25)
      (net 39 "Net-(U3-Pad7)"))
    (pad 8 smd roundrect (at -2.8625 2.275 90) (size 1.475 0.4) (layers F.Cu F.Paste F.Mask) (roundrect_rratio 0.25)
      (net 13 SDA))
    (pad 9 smd roundrect (at 2.8625 2.275 90) (size 1.475 0.4) (layers F.Cu F.Paste F.Mask) (roundrect_rratio 0.25)
      (net 14 SCL))
    (pad 10 smd roundrect (at 2.8625 1.625 90) (size 1.475 0.4) (layers F.Cu F.Paste F.Mask) (roundrect_rratio 0.25)
      (net 10 +5V))
    (pad 11 smd roundrect (at 2.8625 0.975 90) (size 1.475 0.4) (layers F.Cu F.Paste F.Mask) (roundrect_rratio 0.25)
      (net 1 GND))
    (pad 12 smd roundrect (at 2.8625 0.325 90) (size 1.475 0.4) (layers F.Cu F.Paste F.Mask) (roundrect_rratio 0.25)
      (net 12 "Net-(C1-Pad1)"))
    (pad 13 smd roundrect (at 2.8625 -0.325 90) (size 1.475 0.4) (layers F.Cu F.Paste F.Mask) (roundrect_rratio 0.25)
      (net 40 "Net-(U3-Pad13)"))
    (pad 14 smd roundrect (at 2.8625 -0.975 90) (size 1.475 0.4) (layers F.Cu F.Paste F.Mask) (roundrect_rratio 0.25)
      (net 23 IN-))
    (pad 15 smd roundrect (at 2.8625 -1.625 90) (size 1.475 0.4) (layers F.Cu F.Paste F.Mask) (roundrect_rratio 0.25)
      (net 23 IN-))
    (pad 16 smd roundrect (at 2.8625 -2.275 90) (size 1.475 0.4) (layers F.Cu F.Paste F.Mask) (roundrect_rratio 0.25)
      (net 23 IN-))
    (model ${KISYS3DMOD}/Package_SO.3dshapes/TSSOP-16_4.4x5mm_P0.65mm.wrl
      (at (xyz 0 0 0))
      (scale (xyz 1 1 1))
      (rotate (xyz 0 0 0))
    )
  )

  (module Resistor_SMD:R_0805_2012Metric (layer F.Cu) (tedit 5B36C52B) (tstamp 5ED4A41A)
    (at 122.936 94.5665 270)
    (descr "Resistor SMD 0805 (2012 Metric), square (rectangular) end terminal, IPC_7351 nominal, (Body size source: https://docs.google.com/spreadsheets/d/1BsfQQcO9C6DZCsRaXUlFlo91Tg2WpOkGARC1WS5S8t0/edit?usp=sharing), generated with kicad-footprint-generator")
    (tags resistor)
    (path /5ED8BB38)
    (attr smd)
    (fp_text reference R1 (at -2.6185 0 270) (layer F.SilkS)
      (effects (font (size 1 1) (thickness 0.15)))
    )
    (fp_text value 1K (at 0 1.65 90) (layer F.Fab)
      (effects (font (size 1 1) (thickness 0.15)))
    )
    (fp_line (start 1.68 0.95) (end -1.68 0.95) (layer F.CrtYd) (width 0.05))
    (fp_line (start 1.68 -0.95) (end 1.68 0.95) (layer F.CrtYd) (width 0.05))
    (fp_line (start -1.68 -0.95) (end 1.68 -0.95) (layer F.CrtYd) (width 0.05))
    (fp_line (start -1.68 0.95) (end -1.68 -0.95) (layer F.CrtYd) (width 0.05))
    (fp_line (start -0.258578 0.71) (end 0.258578 0.71) (layer F.SilkS) (width 0.12))
    (fp_line (start -0.258578 -0.71) (end 0.258578 -0.71) (layer F.SilkS) (width 0.12))
    (fp_line (start 1 0.6) (end -1 0.6) (layer F.Fab) (width 0.1))
    (fp_line (start 1 -0.6) (end 1 0.6) (layer F.Fab) (width 0.1))
    (fp_line (start -1 -0.6) (end 1 -0.6) (layer F.Fab) (width 0.1))
    (fp_line (start -1 0.6) (end -1 -0.6) (layer F.Fab) (width 0.1))
    (fp_text user %R (at 0 0 90) (layer F.Fab)
      (effects (font (size 0.5 0.5) (thickness 0.08)))
    )
    (pad 2 smd roundrect (at 0.9375 0 270) (size 0.975 1.4) (layers F.Cu F.Paste F.Mask) (roundrect_rratio 0.25)
      (net 27 "Net-(J2-Pad2)"))
    (pad 1 smd roundrect (at -0.9375 0 270) (size 0.975 1.4) (layers F.Cu F.Paste F.Mask) (roundrect_rratio 0.25)
      (net 34 "Net-(R1-Pad1)"))
    (model ${KISYS3DMOD}/Resistor_SMD.3dshapes/R_0805_2012Metric.wrl
      (at (xyz 0 0 0))
      (scale (xyz 1 1 1))
      (rotate (xyz 0 0 0))
    )
  )

  (module Resistor_SMD:R_0805_2012Metric (layer F.Cu) (tedit 5B36C52B) (tstamp 5ED4A3EA)
    (at 116.9185 98.044)
    (descr "Resistor SMD 0805 (2012 Metric), square (rectangular) end terminal, IPC_7351 nominal, (Body size source: https://docs.google.com/spreadsheets/d/1BsfQQcO9C6DZCsRaXUlFlo91Tg2WpOkGARC1WS5S8t0/edit?usp=sharing), generated with kicad-footprint-generator")
    (tags resistor)
    (path /5ED5ABB3)
    (attr smd)
    (fp_text reference R5 (at 0.1755 1.524 180) (layer F.SilkS)
      (effects (font (size 1 1) (thickness 0.15)))
    )
    (fp_text value 100k (at 0 1.65) (layer F.Fab)
      (effects (font (size 1 1) (thickness 0.15)))
    )
    (fp_line (start -1 0.6) (end -1 -0.6) (layer F.Fab) (width 0.1))
    (fp_line (start -1 -0.6) (end 1 -0.6) (layer F.Fab) (width 0.1))
    (fp_line (start 1 -0.6) (end 1 0.6) (layer F.Fab) (width 0.1))
    (fp_line (start 1 0.6) (end -1 0.6) (layer F.Fab) (width 0.1))
    (fp_line (start -0.258578 -0.71) (end 0.258578 -0.71) (layer F.SilkS) (width 0.12))
    (fp_line (start -0.258578 0.71) (end 0.258578 0.71) (layer F.SilkS) (width 0.12))
    (fp_line (start -1.68 0.95) (end -1.68 -0.95) (layer F.CrtYd) (width 0.05))
    (fp_line (start -1.68 -0.95) (end 1.68 -0.95) (layer F.CrtYd) (width 0.05))
    (fp_line (start 1.68 -0.95) (end 1.68 0.95) (layer F.CrtYd) (width 0.05))
    (fp_line (start 1.68 0.95) (end -1.68 0.95) (layer F.CrtYd) (width 0.05))
    (fp_text user %R (at 0 0) (layer F.Fab)
      (effects (font (size 0.5 0.5) (thickness 0.08)))
    )
    (pad 1 smd roundrect (at -0.9375 0) (size 0.975 1.4) (layers F.Cu F.Paste F.Mask) (roundrect_rratio 0.25)
      (net 28 "Net-(R5-Pad1)"))
    (pad 2 smd roundrect (at 0.9375 0) (size 0.975 1.4) (layers F.Cu F.Paste F.Mask) (roundrect_rratio 0.25)
      (net 27 "Net-(J2-Pad2)"))
    (model ${KISYS3DMOD}/Resistor_SMD.3dshapes/R_0805_2012Metric.wrl
      (at (xyz 0 0 0))
      (scale (xyz 1 1 1))
      (rotate (xyz 0 0 0))
    )
  )

  (module Resistor_SMD:R_0805_2012Metric (layer F.Cu) (tedit 5B36C52B) (tstamp 5ED4A3BA)
    (at 120.904 94.5665 270)
    (descr "Resistor SMD 0805 (2012 Metric), square (rectangular) end terminal, IPC_7351 nominal, (Body size source: https://docs.google.com/spreadsheets/d/1BsfQQcO9C6DZCsRaXUlFlo91Tg2WpOkGARC1WS5S8t0/edit?usp=sharing), generated with kicad-footprint-generator")
    (tags resistor)
    (path /5ED87019)
    (attr smd)
    (fp_text reference R3 (at -2.6185 -0.254 90) (layer F.SilkS)
      (effects (font (size 1 1) (thickness 0.15)))
    )
    (fp_text value 1K (at 0 1.65 90) (layer F.Fab)
      (effects (font (size 1 1) (thickness 0.15)))
    )
    (fp_line (start -1 0.6) (end -1 -0.6) (layer F.Fab) (width 0.1))
    (fp_line (start -1 -0.6) (end 1 -0.6) (layer F.Fab) (width 0.1))
    (fp_line (start 1 -0.6) (end 1 0.6) (layer F.Fab) (width 0.1))
    (fp_line (start 1 0.6) (end -1 0.6) (layer F.Fab) (width 0.1))
    (fp_line (start -0.258578 -0.71) (end 0.258578 -0.71) (layer F.SilkS) (width 0.12))
    (fp_line (start -0.258578 0.71) (end 0.258578 0.71) (layer F.SilkS) (width 0.12))
    (fp_line (start -1.68 0.95) (end -1.68 -0.95) (layer F.CrtYd) (width 0.05))
    (fp_line (start -1.68 -0.95) (end 1.68 -0.95) (layer F.CrtYd) (width 0.05))
    (fp_line (start 1.68 -0.95) (end 1.68 0.95) (layer F.CrtYd) (width 0.05))
    (fp_line (start 1.68 0.95) (end -1.68 0.95) (layer F.CrtYd) (width 0.05))
    (fp_text user %R (at 0 0 90) (layer F.Fab)
      (effects (font (size 0.5 0.5) (thickness 0.08)))
    )
    (pad 1 smd roundrect (at -0.9375 0 270) (size 0.975 1.4) (layers F.Cu F.Paste F.Mask) (roundrect_rratio 0.25)
      (net 34 "Net-(R1-Pad1)"))
    (pad 2 smd roundrect (at 0.9375 0 270) (size 0.975 1.4) (layers F.Cu F.Paste F.Mask) (roundrect_rratio 0.25)
      (net 35 "Net-(R3-Pad2)"))
    (model ${KISYS3DMOD}/Resistor_SMD.3dshapes/R_0805_2012Metric.wrl
      (at (xyz 0 0 0))
      (scale (xyz 1 1 1))
      (rotate (xyz 0 0 0))
    )
  )

  (module Resistor_SMD:R_0805_2012Metric (layer F.Cu) (tedit 5B36C52B) (tstamp 5ED4A534)
    (at 118.872 94.5665 90)
    (descr "Resistor SMD 0805 (2012 Metric), square (rectangular) end terminal, IPC_7351 nominal, (Body size source: https://docs.google.com/spreadsheets/d/1BsfQQcO9C6DZCsRaXUlFlo91Tg2WpOkGARC1WS5S8t0/edit?usp=sharing), generated with kicad-footprint-generator")
    (tags resistor)
    (path /5ED86A70)
    (attr smd)
    (fp_text reference R4 (at 2.6185 0.254 270) (layer F.SilkS)
      (effects (font (size 1 1) (thickness 0.15)))
    )
    (fp_text value 1K (at 0 1.65 90) (layer F.Fab)
      (effects (font (size 1 1) (thickness 0.15)))
    )
    (fp_line (start 1.68 0.95) (end -1.68 0.95) (layer F.CrtYd) (width 0.05))
    (fp_line (start 1.68 -0.95) (end 1.68 0.95) (layer F.CrtYd) (width 0.05))
    (fp_line (start -1.68 -0.95) (end 1.68 -0.95) (layer F.CrtYd) (width 0.05))
    (fp_line (start -1.68 0.95) (end -1.68 -0.95) (layer F.CrtYd) (width 0.05))
    (fp_line (start -0.258578 0.71) (end 0.258578 0.71) (layer F.SilkS) (width 0.12))
    (fp_line (start -0.258578 -0.71) (end 0.258578 -0.71) (layer F.SilkS) (width 0.12))
    (fp_line (start 1 0.6) (end -1 0.6) (layer F.Fab) (width 0.1))
    (fp_line (start 1 -0.6) (end 1 0.6) (layer F.Fab) (width 0.1))
    (fp_line (start -1 -0.6) (end 1 -0.6) (layer F.Fab) (width 0.1))
    (fp_line (start -1 0.6) (end -1 -0.6) (layer F.Fab) (width 0.1))
    (fp_text user %R (at 0 0 90) (layer F.Fab)
      (effects (font (size 0.5 0.5) (thickness 0.08)))
    )
    (pad 2 smd roundrect (at 0.9375 0 90) (size 0.975 1.4) (layers F.Cu F.Paste F.Mask) (roundrect_rratio 0.25)
      (net 1 GND))
    (pad 1 smd roundrect (at -0.9375 0 90) (size 0.975 1.4) (layers F.Cu F.Paste F.Mask) (roundrect_rratio 0.25)
      (net 35 "Net-(R3-Pad2)"))
    (model ${KISYS3DMOD}/Resistor_SMD.3dshapes/R_0805_2012Metric.wrl
      (at (xyz 0 0 0))
      (scale (xyz 1 1 1))
      (rotate (xyz 0 0 0))
    )
  )

  (module Resistor_SMD:R_0805_2012Metric (layer F.Cu) (tedit 5B36C52B) (tstamp 5ED4A4B9)
    (at 113.6165 98.044)
    (descr "Resistor SMD 0805 (2012 Metric), square (rectangular) end terminal, IPC_7351 nominal, (Body size source: https://docs.google.com/spreadsheets/d/1BsfQQcO9C6DZCsRaXUlFlo91Tg2WpOkGARC1WS5S8t0/edit?usp=sharing), generated with kicad-footprint-generator")
    (tags resistor)
    (path /5ED8C740)
    (attr smd)
    (fp_text reference R6 (at 0.1755 1.524) (layer F.SilkS)
      (effects (font (size 1 1) (thickness 0.15)))
    )
    (fp_text value 100k (at 0 1.65) (layer F.Fab)
      (effects (font (size 1 1) (thickness 0.15)))
    )
    (fp_line (start -1 0.6) (end -1 -0.6) (layer F.Fab) (width 0.1))
    (fp_line (start -1 -0.6) (end 1 -0.6) (layer F.Fab) (width 0.1))
    (fp_line (start 1 -0.6) (end 1 0.6) (layer F.Fab) (width 0.1))
    (fp_line (start 1 0.6) (end -1 0.6) (layer F.Fab) (width 0.1))
    (fp_line (start -0.258578 -0.71) (end 0.258578 -0.71) (layer F.SilkS) (width 0.12))
    (fp_line (start -0.258578 0.71) (end 0.258578 0.71) (layer F.SilkS) (width 0.12))
    (fp_line (start -1.68 0.95) (end -1.68 -0.95) (layer F.CrtYd) (width 0.05))
    (fp_line (start -1.68 -0.95) (end 1.68 -0.95) (layer F.CrtYd) (width 0.05))
    (fp_line (start 1.68 -0.95) (end 1.68 0.95) (layer F.CrtYd) (width 0.05))
    (fp_line (start 1.68 0.95) (end -1.68 0.95) (layer F.CrtYd) (width 0.05))
    (fp_text user %R (at 0 0) (layer F.Fab)
      (effects (font (size 0.5 0.5) (thickness 0.08)))
    )
    (pad 1 smd roundrect (at -0.9375 0) (size 0.975 1.4) (layers F.Cu F.Paste F.Mask) (roundrect_rratio 0.25)
      (net 29 T_sense))
    (pad 2 smd roundrect (at 0.9375 0) (size 0.975 1.4) (layers F.Cu F.Paste F.Mask) (roundrect_rratio 0.25)
      (net 28 "Net-(R5-Pad1)"))
    (model ${KISYS3DMOD}/Resistor_SMD.3dshapes/R_0805_2012Metric.wrl
      (at (xyz 0 0 0))
      (scale (xyz 1 1 1))
      (rotate (xyz 0 0 0))
    )
  )

  (module Package_SO:SOIC-8_3.9x4.9mm_P1.27mm (layer F.Cu) (tedit 5D9F72B1) (tstamp 5ED4A4F2)
    (at 114.808 92.456 90)
    (descr "SOIC, 8 Pin (JEDEC MS-012AA, https://www.analog.com/media/en/package-pcb-resources/package/pkg_pdf/soic_narrow-r/r_8.pdf), generated with kicad-footprint-generator ipc_gullwing_generator.py")
    (tags "SOIC SO")
    (path /5ED4A2C8)
    (attr smd)
    (fp_text reference U1 (at 0.254 1.27) (layer F.SilkS)
      (effects (font (size 1 1) (thickness 0.15)))
    )
    (fp_text value MCP601-xSN (at 0 3.4 90) (layer F.Fab)
      (effects (font (size 1 1) (thickness 0.15)))
    )
    (fp_line (start 0 2.56) (end 1.95 2.56) (layer F.SilkS) (width 0.12))
    (fp_line (start 0 2.56) (end -1.95 2.56) (layer F.SilkS) (width 0.12))
    (fp_line (start 0 -2.56) (end 1.95 -2.56) (layer F.SilkS) (width 0.12))
