(kicad_pcb (version 20171130) (host pcbnew "(5.1.6)-1")

  (general
    (thickness 1.6)
    (drawings 51)
    (tracks 196)
    (zones 0)
    (modules 32)
    (nets 56)
  )

  (page A4)
  (layers
    (0 F.Cu signal)
    (31 B.Cu signal)
    (32 B.Adhes user)
    (33 F.Adhes user)
    (34 B.Paste user)
    (35 F.Paste user)
    (36 B.SilkS user)
    (37 F.SilkS user)
    (38 B.Mask user)
    (39 F.Mask user)
    (40 Dwgs.User user hide)
    (41 Cmts.User user)
    (42 Eco1.User user)
    (43 Eco2.User user)
    (44 Edge.Cuts user)
    (45 Margin user)
    (46 B.CrtYd user hide)
    (47 F.CrtYd user hide)
    (48 B.Fab user)
    (49 F.Fab user hide)
  )

  (setup
    (last_trace_width 0.25)
    (user_trace_width 0.25)
    (user_trace_width 0.5)
    (user_trace_width 2)
    (user_trace_width 4)
    (trace_clearance 0.2)
    (zone_clearance 0.508)
    (zone_45_only no)
    (trace_min 0.2)
    (via_size 0.8)
    (via_drill 0.4)
    (via_min_size 0.4)
    (via_min_drill 0.3)
    (uvia_size 0.3)
    (uvia_drill 0.1)
    (uvias_allowed no)
    (uvia_min_size 0.2)
    (uvia_min_drill 0.1)
    (edge_width 0.05)
    (segment_width 0.2)
    (pcb_text_width 0.3)
    (pcb_text_size 1.5 1.5)
    (mod_edge_width 0.12)
    (mod_text_size 1 1)
    (mod_text_width 0.15)
    (pad_size 3.5 3.5)
    (pad_drill 2.5)
    (pad_to_mask_clearance 0.05)
    (aux_axis_origin 0 0)
    (grid_origin 109.96 58.64)
    (visible_elements 7FFFFFFF)
    (pcbplotparams
      (layerselection 0x010fc_ffffffff)
      (usegerberextensions false)
      (usegerberattributes true)
      (usegerberadvancedattributes true)
      (creategerberjobfile true)
      (excludeedgelayer true)
      (linewidth 0.100000)
      (plotframeref false)
      (viasonmask false)
      (mode 1)
      (useauxorigin false)
      (hpglpennumber 1)
      (hpglpenspeed 20)
      (hpglpendiameter 15.000000)
      (psnegative false)
      (psa4output false)
      (plotreference true)
      (plotvalue true)
      (plotinvisibletext false)
      (padsonsilk false)
      (subtractmaskfromsilk false)
      (outputformat 1)
      (mirror false)
      (drillshape 0)
      (scaleselection 1)
      (outputdirectory "gerber_files/"))
  )

  (net 0 "")
  (net 1 GND)
  (net 2 +3V3)
  (net 3 +5V)
  (net 4 SDA)
  (net 5 SCL)
  (net 6 "Net-(F1-Pad1)")
  (net 7 "Net-(F1-Pad2)")
  (net 8 D0)
  (net 9 D1)
  (net 10 A0)
  (net 11 A1)
  (net 12 A2)
  (net 13 A3)
  (net 14 A4)
  (net 15 "Net-(J4-Pad1)")
  (net 16 D3)
  (net 17 T_sense2)
  (net 18 T_sense1)
  (net 19 D2)
  (net 20 "Net-(J10-Pad2)")
  (net 21 PWM0)
  (net 22 PWM1)
  (net 23 I_sense_1)
  (net 24 I_sense_2)
  (net 25 "Net-(R4-Pad2)")
  (net 26 "Net-(R7-Pad2)")
  (net 27 "Net-(U4-Pad4)")
  (net 28 "Net-(U9-Pad4)")
  (net 29 "Net-(F6-Pad1)")
  (net 30 "Net-(F6-Pad2)")
  (net 31 "Net-(J25-Pad1)")
  (net 32 "Net-(J28-Pad1)")
  (net 33 "Net-(J3-Pad2)")
  (net 34 "Net-(J5-Pad1)")
  (net 35 "Net-(J6-Pad1)")
  (net 36 "Net-(J6-Pad2)")
  (net 37 "Net-(J6-Pad3)")
  (net 38 "Net-(J6-Pad4)")
  (net 39 "Net-(J6-Pad5)")
  (net 40 "Net-(J6-Pad6)")
  (net 41 "Net-(J6-Pad7)")
  (net 42 "Net-(J6-Pad8)")
  (net 43 "Net-(J6-Pad9)")
  (net 44 "Net-(J6-Pad10)")
  (net 45 "Net-(J6-Pad11)")
  (net 46 "Net-(J6-Pad12)")
  (net 47 "Net-(J6-Pad13)")
  (net 48 "Net-(J6-Pad14)")
  (net 49 "Net-(J6-Pad15)")
  (net 50 "Net-(J6-Pad16)")
  (net 51 "Net-(J6-Pad17)")
  (net 52 "Net-(J6-Pad18)")
  (net 53 "Net-(J6-Pad19)")
  (net 54 "Net-(J6-Pad20)")
  (net 55 "Net-(D1-Pad1)")

  (net_class Default "This is the default net class."
    (clearance 0.2)
    (trace_width 0.25)
    (via_dia 0.8)
    (via_drill 0.4)
    (uvia_dia 0.3)
    (uvia_drill 0.1)
    (add_net +3V3)
    (add_net A0)
    (add_net A1)
    (add_net A2)
    (add_net A3)
    (add_net A4)
    (add_net D0)
    (add_net D1)
    (add_net D2)
    (add_net D3)
    (add_net I_sense_1)
    (add_net I_sense_2)
    (add_net "Net-(D1-Pad1)")
    (add_net "Net-(F1-Pad1)")
    (add_net "Net-(F1-Pad2)")
    (add_net "Net-(F6-Pad1)")
    (add_net "Net-(F6-Pad2)")
    (add_net "Net-(J10-Pad2)")
    (add_net "Net-(J25-Pad1)")
    (add_net "Net-(J28-Pad1)")
    (add_net "Net-(J3-Pad2)")
    (add_net "Net-(J4-Pad1)")
    (add_net "Net-(J5-Pad1)")
    (add_net "Net-(J6-Pad1)")
    (add_net "Net-(J6-Pad10)")
    (add_net "Net-(J6-Pad11)")
    (add_net "Net-(J6-Pad12)")
    (add_net "Net-(J6-Pad13)")
    (add_net "Net-(J6-Pad14)")
    (add_net "Net-(J6-Pad15)")
    (add_net "Net-(J6-Pad16)")
    (add_net "Net-(J6-Pad17)")
    (add_net "Net-(J6-Pad18)")
    (add_net "Net-(J6-Pad19)")
    (add_net "Net-(J6-Pad2)")
    (add_net "Net-(J6-Pad20)")
    (add_net "Net-(J6-Pad3)")
    (add_net "Net-(J6-Pad4)")
    (add_net "Net-(J6-Pad5)")
    (add_net "Net-(J6-Pad6)")
    (add_net "Net-(J6-Pad7)")
    (add_net "Net-(J6-Pad8)")
    (add_net "Net-(J6-Pad9)")
    (add_net "Net-(R4-Pad2)")
    (add_net "Net-(R7-Pad2)")
    (add_net "Net-(U4-Pad4)")
    (add_net "Net-(U9-Pad4)")
    (add_net PWM0)
    (add_net PWM1)
    (add_net SCL)
    (add_net SDA)
    (add_net T_sense1)
    (add_net T_sense2)
  )

  (net_class Gnd ""
    (clearance 0.2)
    (trace_width 0.5)
    (via_dia 0.8)
    (via_drill 0.4)
    (uvia_dia 0.3)
    (uvia_drill 0.1)
    (add_net GND)
  )

  (net_class Vcc ""
    (clearance 0.2)
    (trace_width 0.5)
    (via_dia 0.8)
    (via_drill 0.4)
    (uvia_dia 0.3)
    (uvia_drill 0.1)
    (add_net +5V)
  )

  (module peltier_driver_pcb:OLED_128x32_I2C (layer F.Cu) (tedit 5EE0CE62) (tstamp 5EE17146)
    (at 118.798 76.056 90)
    (descr "Through hole straight pin header, 1x04, 2.54mm pitch, single row")
    (tags "Through hole pin header THT 1x04 2.54mm single row")
    (path /5F4358A5)
    (fp_text reference U1 (at 1.905 5.715 180) (layer Dwgs.User) hide
      (effects (font (size 1 1) (thickness 0.15)))
    )
    (fp_text value OLED_128x32_I2C (at 6.5786 -1.27 90) (layer Dwgs.User) hide
      (effects (font (size 1 1) (thickness 0.15)))
    )
    (fp_line (start 0 0) (end 0 5) (layer F.CrtYd) (width 0.12))
    (fp_line (start 12 5) (end 0 5) (layer F.CrtYd) (width 0.12))
    (fp_line (start 12 0) (end 12 5) (layer F.CrtYd) (width 0.12))
    (fp_line (start 11.992 4.98) (end 10.976 4.98) (layer F.SilkS) (width 0.12))
    (fp_line (start 11.992 4.98) (end 11.992 3.964) (layer F.SilkS) (width 0.12))
    (fp_line (start 1.062 4.98) (end 0.046 4.98) (layer F.SilkS) (width 0.12))
    (fp_line (start 0.046 4.98) (end 1.062 4.98) (layer F.SilkS) (width 0.12))
    (fp_line (start 0.046 4.98) (end 0.046 3.964) (layer F.SilkS) (width 0.12))
    (fp_line (start 11.992 0) (end 11.992 1.016) (layer F.SilkS) (width 0.12))
    (fp_line (start 10.976 0) (end 11.992 0) (layer F.SilkS) (width 0.12))
    (fp_line (start 0 0) (end 0 1.016) (layer F.SilkS) (width 0.12))
    (fp_line (start 0 0) (end 1.016 0) (layer F.SilkS) (width 0.12))
    (fp_line (start 12 0) (end 0 0) (layer F.CrtYd) (width 0.12))
    (fp_text user GND (at 2.19 3.5 270) (layer F.SilkS)
      (effects (font (size 0.7 0.7) (thickness 0.15)))
    )
    (fp_text user Vcc (at 4.73 3.5 270) (layer F.SilkS)
      (effects (font (size 0.7 0.7) (thickness 0.15)))
    )
    (fp_text user SCL (at 7.27 3.5 270) (layer F.SilkS)
      (effects (font (size 0.7 0.7) (thickness 0.15)))
    )
    (fp_text user SDA (at 9.81 3.5 270) (layer F.SilkS)
      (effects (font (size 0.7 0.7) (thickness 0.15)))
    )
    (pad 4 thru_hole oval (at 9.81 1.5 180) (size 1.7 1.7) (drill 1) (layers *.Cu *.Mask)
      (net 4 SDA))
    (pad 3 thru_hole oval (at 7.27 1.5 180) (size 1.7 1.7) (drill 1) (layers *.Cu *.Mask)
      (net 5 SCL))
    (pad 2 thru_hole oval (at 4.73 1.5 180) (size 1.7 1.7) (drill 1) (layers *.Cu *.Mask)
      (net 2 +3V3))
    (pad 1 thru_hole rect (at 2.19 1.5 180) (size 1.7 1.7) (drill 1) (layers *.Cu *.Mask)
      (net 1 GND))
    (model C:/Users/alfre/Desktop/HydrogelHeater/cad_files/parts/female_header_a-bl254-eg-g04d.stp
      (offset (xyz 6 -1.5 0))
      (scale (xyz 1 1 1))
      (rotate (xyz -90 0 0))
    )
    (model "C:/Users/alfre/Desktop/HydrogelHeater/cad_files/parts/OLED 128x32 Display.step"
      (offset (xyz -0.05 -0.15 11))
      (scale (xyz 1 1 1))
      (rotate (xyz 0 0 90))
    )
  )

  (module Package_SO:SO-8_3.9x4.9mm_P1.27mm (layer F.Cu) (tedit 5D9F72B1) (tstamp 5EE06F7D)
    (at 132.1342 72.837399 180)
    (descr "SO, 8 Pin (https://www.nxp.com/docs/en/data-sheet/PCF8523.pdf), generated with kicad-footprint-generator ipc_gullwing_generator.py")
    (tags "SO SO")
    (path /5F03A84D)
    (attr smd)
    (fp_text reference U9 (at -0.11 -0.12) (layer F.SilkS)
      (effects (font (size 1 1) (thickness 0.15)))
    )
    (fp_text value INA283 (at 0 3.4) (layer F.Fab)
      (effects (font (size 1 1) (thickness 0.15)))
    )
    (fp_line (start 0 2.56) (end 1.95 2.56) (layer F.SilkS) (width 0.12))
    (fp_line (start 0 2.56) (end -1.95 2.56) (layer F.SilkS) (width 0.12))
    (fp_line (start 0 -2.56) (end 1.95 -2.56) (layer F.SilkS) (width 0.12))
    (fp_line (start 0 -2.56) (end -3.45 -2.56) (layer F.SilkS) (width 0.12))
    (fp_line (start -0.975 -2.45) (end 1.95 -2.45) (layer F.Fab) (width 0.1))
    (fp_line (start 1.95 -2.45) (end 1.95 2.45) (layer F.Fab) (width 0.1))
    (fp_line (start 1.95 2.45) (end -1.95 2.45) (layer F.Fab) (width 0.1))
    (fp_line (start -1.95 2.45) (end -1.95 -1.475) (layer F.Fab) (width 0.1))
    (fp_line (start -1.95 -1.475) (end -0.975 -2.45) (layer F.Fab) (width 0.1))
    (fp_line (start -3.7 -2.7) (end -3.7 2.7) (layer F.CrtYd) (width 0.05))
    (fp_line (start -3.7 2.7) (end 3.7 2.7) (layer F.CrtYd) (width 0.05))
    (fp_line (start 3.7 2.7) (end 3.7 -2.7) (layer F.CrtYd) (width 0.05))
    (fp_line (start 3.7 -2.7) (end -3.7 -2.7) (layer F.CrtYd) (width 0.05))
    (fp_text user %R (at 0 0) (layer F.Fab)
      (effects (font (size 0.98 0.98) (thickness 0.15)))
    )
    (pad 1 smd roundrect (at -2.575 -1.905 180) (size 1.75 0.6) (layers F.Cu F.Paste F.Mask) (roundrect_rratio 0.25)
      (net 31 "Net-(J25-Pad1)"))
    (pad 2 smd roundrect (at -2.575 -0.635 180) (size 1.75 0.6) (layers F.Cu F.Paste F.Mask) (roundrect_rratio 0.25)
      (net 1 GND))
    (pad 3 smd roundrect (at -2.575 0.635 180) (size 1.75 0.6) (layers F.Cu F.Paste F.Mask) (roundrect_rratio 0.25)
      (net 3 +5V))
    (pad 4 smd roundrect (at -2.575 1.905 180) (size 1.75 0.6) (layers F.Cu F.Paste F.Mask) (roundrect_rratio 0.25)
      (net 28 "Net-(U9-Pad4)"))
    (pad 5 smd roundrect (at 2.575 1.905 180) (size 1.75 0.6) (layers F.Cu F.Paste F.Mask) (roundrect_rratio 0.25)
      (net 23 I_sense_1))
    (pad 6 smd roundrect (at 2.575 0.635 180) (size 1.75 0.6) (layers F.Cu F.Paste F.Mask) (roundrect_rratio 0.25)
      (net 3 +5V))
    (pad 7 smd roundrect (at 2.575 -0.635 180) (size 1.75 0.6) (layers F.Cu F.Paste F.Mask) (roundrect_rratio 0.25)
      (net 1 GND))
    (pad 8 smd roundrect (at 2.575 -1.905 180) (size 1.75 0.6) (layers F.Cu F.Paste F.Mask) (roundrect_rratio 0.25)
      (net 32 "Net-(J28-Pad1)"))
    (model ${KISYS3DMOD}/Package_SO.3dshapes/SO-8_3.9x4.9mm_P1.27mm.wrl
      (at (xyz 0 0 0))
      (scale (xyz 1 1 1))
      (rotate (xyz 0 0 0))
    )
  )

  (module Capacitor_SMD:C_0805_2012Metric (layer F.Cu) (tedit 5B36C52B) (tstamp 5EE126A5)
    (at 127.307 72.8025 90)
    (descr "Capacitor SMD 0805 (2012 Metric), square (rectangular) end terminal, IPC_7351 nominal, (Body size source: https://docs.google.com/spreadsheets/d/1BsfQQcO9C6DZCsRaXUlFlo91Tg2WpOkGARC1WS5S8t0/edit?usp=sharing), generated with kicad-footprint-generator")
    (tags capacitor)
    (path /5F03D272)
    (attr smd)
    (fp_text reference C6 (at 0.0485 -1.8542 180) (layer Dwgs.User) hide
      (effects (font (size 1 1) (thickness 0.15)))
    )
    (fp_text value 0.1uF (at 0 1.65 90) (layer F.Fab)
      (effects (font (size 1 1) (thickness 0.15)))
    )
    (fp_line (start -1 0.6) (end -1 -0.6) (layer F.Fab) (width 0.1))
    (fp_line (start -1 -0.6) (end 1 -0.6) (layer F.Fab) (width 0.1))
    (fp_line (start 1 -0.6) (end 1 0.6) (layer F.Fab) (width 0.1))
    (fp_line (start 1 0.6) (end -1 0.6) (layer F.Fab) (width 0.1))
    (fp_line (start -0.258578 -0.71) (end 0.258578 -0.71) (layer F.SilkS) (width 0.12))
    (fp_line (start -0.258578 0.71) (end 0.258578 0.71) (layer F.SilkS) (width 0.12))
    (fp_line (start -1.68 0.95) (end -1.68 -0.95) (layer F.CrtYd) (width 0.05))
    (fp_line (start -1.68 -0.95) (end 1.68 -0.95) (layer F.CrtYd) (width 0.05))
    (fp_line (start 1.68 -0.95) (end 1.68 0.95) (layer F.CrtYd) (width 0.05))
    (fp_line (start 1.68 0.95) (end -1.68 0.95) (layer F.CrtYd) (width 0.05))
    (fp_text user %R (at 0 0 90) (layer F.Fab)
      (effects (font (size 0.5 0.5) (thickness 0.08)))
    )
    (pad 2 smd roundrect (at 0.9375 0 90) (size 0.975 1.4) (layers F.Cu F.Paste F.Mask) (roundrect_rratio 0.25)
      (net 3 +5V))
    (pad 1 smd roundrect (at -0.9375 0 90) (size 0.975 1.4) (layers F.Cu F.Paste F.Mask) (roundrect_rratio 0.25)
      (net 1 GND))
    (model ${KISYS3DMOD}/Capacitor_SMD.3dshapes/C_0805_2012Metric.wrl
      (at (xyz 0 0 0))
      (scale (xyz 1 1 1))
      (rotate (xyz 0 0 0))
    )
  )

  (module Connector_PinHeader_2.54mm:PinHeader_1x02_P2.54mm_Vertical (layer F.Cu) (tedit 59FED5CC) (tstamp 5EE01FD6)
    (at 147.354 84.714 270)
    (descr "Through hole straight pin header, 1x02, 2.54mm pitch, single row")
    (tags "Through hole pin header THT 1x02 2.54mm single row")
    (path /5ED2B4A3)
    (fp_text reference J3 (at 0 -2.33 90) (layer Dwgs.User) hide
      (effects (font (size 1 1) (thickness 0.15)))
    )
    (fp_text value GA10K4A1_NTC (at 0 4.87 90) (layer F.Fab)
      (effects (font (size 1 1) (thickness 0.15)))
    )
    (fp_line (start -0.635 -1.27) (end 1.27 -1.27) (layer F.Fab) (width 0.1))
    (fp_line (start 1.27 -1.27) (end 1.27 3.81) (layer F.Fab) (width 0.1))
    (fp_line (start 1.27 3.81) (end -1.27 3.81) (layer F.Fab) (width 0.1))
    (fp_line (start -1.27 3.81) (end -1.27 -0.635) (layer F.Fab) (width 0.1))
    (fp_line (start -1.27 -0.635) (end -0.635 -1.27) (layer F.Fab) (width 0.1))
    (fp_line (start -1.33 3.87) (end 1.33 3.87) (layer F.SilkS) (width 0.12))
    (fp_line (start -1.33 1.27) (end -1.33 3.87) (layer F.SilkS) (width 0.12))
    (fp_line (start 1.33 1.27) (end 1.33 3.87) (layer F.SilkS) (width 0.12))
    (fp_line (start -1.33 1.27) (end 1.33 1.27) (layer F.SilkS) (width 0.12))
    (fp_line (start -1.33 0) (end -1.33 -1.33) (layer F.SilkS) (width 0.12))
    (fp_line (start -1.33 -1.33) (end 0 -1.33) (layer F.SilkS) (width 0.12))
    (fp_line (start -1.8 -1.8) (end -1.8 4.35) (layer F.CrtYd) (width 0.05))
    (fp_line (start -1.8 4.35) (end 1.8 4.35) (layer F.CrtYd) (width 0.05))
    (fp_line (start 1.8 4.35) (end 1.8 -1.8) (layer F.CrtYd) (width 0.05))
    (fp_line (start 1.8 -1.8) (end -1.8 -1.8) (layer F.CrtYd) (width 0.05))
    (fp_text user %R (at 0 1.27) (layer F.Fab)
      (effects (font (size 1 1) (thickness 0.15)))
    )
    (pad 2 thru_hole oval (at 0 2.54 270) (size 1.7 1.7) (drill 1) (layers *.Cu *.Mask)
      (net 33 "Net-(J3-Pad2)"))
    (pad 1 thru_hole rect (at 0 0 270) (size 1.7 1.7) (drill 1) (layers *.Cu *.Mask)
      (net 1 GND))
    (model ${KISYS3DMOD}/Connector_PinHeader_2.54mm.3dshapes/PinHeader_1x02_P2.54mm_Vertical.wrl
      (at (xyz 0 0 0))
      (scale (xyz 1 1 1))
      (rotate (xyz 0 0 0))
    )
  )

  (module Connector_PinHeader_2.54mm:PinHeader_1x02_P2.54mm_Vertical (layer F.Cu) (tedit 59FED5CC) (tstamp 5EE02052)
    (at 147.354 55.25 270)
    (descr "Through hole straight pin header, 1x02, 2.54mm pitch, single row")
    (tags "Through hole pin header THT 1x02 2.54mm single row")
    (path /5EEE488C)
    (fp_text reference J10 (at 0 -2.33 90) (layer Dwgs.User) hide
      (effects (font (size 1 1) (thickness 0.15)))
    )
    (fp_text value GA10K4A1_NTC (at 0 4.87 90) (layer F.Fab)
      (effects (font (size 1 1) (thickness 0.15)))
    )
    (fp_line (start 1.8 -1.8) (end -1.8 -1.8) (layer F.CrtYd) (width 0.05))
    (fp_line (start 1.8 4.35) (end 1.8 -1.8) (layer F.CrtYd) (width 0.05))
    (fp_line (start -1.8 4.35) (end 1.8 4.35) (layer F.CrtYd) (width 0.05))
    (fp_line (start -1.8 -1.8) (end -1.8 4.35) (layer F.CrtYd) (width 0.05))
    (fp_line (start -1.33 -1.33) (end 0 -1.33) (layer F.SilkS) (width 0.12))
    (fp_line (start -1.33 0) (end -1.33 -1.33) (layer F.SilkS) (width 0.12))
    (fp_line (start -1.33 1.27) (end 1.33 1.27) (layer F.SilkS) (width 0.12))
    (fp_line (start 1.33 1.27) (end 1.33 3.87) (layer F.SilkS) (width 0.12))
    (fp_line (start -1.33 1.27) (end -1.33 3.87) (layer F.SilkS) (width 0.12))
    (fp_line (start -1.33 3.87) (end 1.33 3.87) (layer F.SilkS) (width 0.12))
    (fp_line (start -1.27 -0.635) (end -0.635 -1.27) (layer F.Fab) (width 0.1))
    (fp_line (start -1.27 3.81) (end -1.27 -0.635) (layer F.Fab) (width 0.1))
    (fp_line (start 1.27 3.81) (end -1.27 3.81) (layer F.Fab) (width 0.1))
    (fp_line (start 1.27 -1.27) (end 1.27 3.81) (layer F.Fab) (width 0.1))
    (fp_line (start -0.635 -1.27) (end 1.27 -1.27) (layer F.Fab) (width 0.1))
    (fp_text user %R (at 0 1.27) (layer F.Fab)
      (effects (font (size 1 1) (thickness 0.15)))
    )
    (pad 1 thru_hole rect (at 0 0 270) (size 1.7 1.7) (drill 1) (layers *.Cu *.Mask)
      (net 1 GND))
    (pad 2 thru_hole oval (at 0 2.54 270) (size 1.7 1.7) (drill 1) (layers *.Cu *.Mask)
      (net 20 "Net-(J10-Pad2)"))
    (model ${KISYS3DMOD}/Connector_PinHeader_2.54mm.3dshapes/PinHeader_1x02_P2.54mm_Vertical.wrl
      (at (xyz 0 0 0))
      (scale (xyz 1 1 1))
      (rotate (xyz 0 0 0))
    )
  )

  (module Resistor_SMD:R_0805_2012Metric (layer F.Cu) (tedit 5B36C52B) (tstamp 5EE02119)
    (at 148.516 68.7685 90)
    (descr "Resistor SMD 0805 (2012 Metric), square (rectangular) end terminal, IPC_7351 nominal, (Body size source: https://docs.google.com/spreadsheets/d/1BsfQQcO9C6DZCsRaXUlFlo91Tg2WpOkGARC1WS5S8t0/edit?usp=sharing), generated with kicad-footprint-generator")
    (tags resistor)
    (path /5EDDEA72)
    (attr smd)
    (fp_text reference R3 (at -2.4615 0.254 180) (layer Dwgs.User) hide
      (effects (font (size 1 1) (thickness 0.15)))
    )
    (fp_text value 30K (at 0 1.65 90) (layer F.Fab)
      (effects (font (size 1 1) (thickness 0.15)))
    )
    (fp_line (start -1 0.6) (end -1 -0.6) (layer F.Fab) (width 0.1))
    (fp_line (start -1 -0.6) (end 1 -0.6) (layer F.Fab) (width 0.1))
    (fp_line (start 1 -0.6) (end 1 0.6) (layer F.Fab) (width 0.1))
    (fp_line (start 1 0.6) (end -1 0.6) (layer F.Fab) (width 0.1))
    (fp_line (start -0.258578 -0.71) (end 0.258578 -0.71) (layer F.SilkS) (width 0.12))
    (fp_line (start -0.258578 0.71) (end 0.258578 0.71) (layer F.SilkS) (width 0.12))
    (fp_line (start -1.68 0.95) (end -1.68 -0.95) (layer F.CrtYd) (width 0.05))
    (fp_line (start -1.68 -0.95) (end 1.68 -0.95) (layer F.CrtYd) (width 0.05))
    (fp_line (start 1.68 -0.95) (end 1.68 0.95) (layer F.CrtYd) (width 0.05))
    (fp_line (start 1.68 0.95) (end -1.68 0.95) (layer F.CrtYd) (width 0.05))
    (fp_text user %R (at 0 0 90) (layer F.Fab)
      (effects (font (size 0.5 0.5) (thickness 0.08)))
    )
    (pad 2 smd roundrect (at 0.9375 0 90) (size 0.975 1.4) (layers F.Cu F.Paste F.Mask) (roundrect_rratio 0.25)
      (net 3 +5V))
    (pad 1 smd roundrect (at -0.9375 0 90) (size 0.975 1.4) (layers F.Cu F.Paste F.Mask) (roundrect_rratio 0.25)
      (net 33 "Net-(J3-Pad2)"))
    (model ${KISYS3DMOD}/Resistor_SMD.3dshapes/R_0805_2012Metric.wrl
      (at (xyz 0 0 0))
      (scale (xyz 1 1 1))
      (rotate (xyz 0 0 0))
    )
  )

  (module Resistor_SMD:R_0805_2012Metric (layer F.Cu) (tedit 5B36C52B) (tstamp 5EE0213B)
    (at 145.3895 73.516)
    (descr "Resistor SMD 0805 (2012 Metric), square (rectangular) end terminal, IPC_7351 nominal, (Body size source: https://docs.google.com/spreadsheets/d/1BsfQQcO9C6DZCsRaXUlFlo91Tg2WpOkGARC1WS5S8t0/edit?usp=sharing), generated with kicad-footprint-generator")
    (tags resistor)
    (path /5EDE5230)
    (attr smd)
    (fp_text reference R5 (at 0 1.524) (layer Dwgs.User) hide
      (effects (font (size 1 1) (thickness 0.15)))
    )
    (fp_text value 30K (at 0 1.65) (layer F.Fab)
      (effects (font (size 1 1) (thickness 0.15)))
    )
    (fp_line (start 1.68 0.95) (end -1.68 0.95) (layer F.CrtYd) (width 0.05))
    (fp_line (start 1.68 -0.95) (end 1.68 0.95) (layer F.CrtYd) (width 0.05))
    (fp_line (start -1.68 -0.95) (end 1.68 -0.95) (layer F.CrtYd) (width 0.05))
    (fp_line (start -1.68 0.95) (end -1.68 -0.95) (layer F.CrtYd) (width 0.05))
    (fp_line (start -0.258578 0.71) (end 0.258578 0.71) (layer F.SilkS) (width 0.12))
    (fp_line (start -0.258578 -0.71) (end 0.258578 -0.71) (layer F.SilkS) (width 0.12))
    (fp_line (start 1 0.6) (end -1 0.6) (layer F.Fab) (width 0.1))
    (fp_line (start 1 -0.6) (end 1 0.6) (layer F.Fab) (width 0.1))
    (fp_line (start -1 -0.6) (end 1 -0.6) (layer F.Fab) (width 0.1))
    (fp_line (start -1 0.6) (end -1 -0.6) (layer F.Fab) (width 0.1))
    (fp_text user %R (at 0 0) (layer F.Fab)
      (effects (font (size 0.5 0.5) (thickness 0.08)))
    )
    (pad 1 smd roundrect (at -0.9375 0) (size 0.975 1.4) (layers F.Cu F.Paste F.Mask) (roundrect_rratio 0.25)
      (net 25 "Net-(R4-Pad2)"))
    (pad 2 smd roundrect (at 0.9375 0) (size 0.975 1.4) (layers F.Cu F.Paste F.Mask) (roundrect_rratio 0.25)
      (net 1 GND))
    (model ${KISYS3DMOD}/Resistor_SMD.3dshapes/R_0805_2012Metric.wrl
      (at (xyz 0 0 0))
      (scale (xyz 1 1 1))
      (rotate (xyz 0 0 0))
    )
  )

  (module Resistor_SMD:R_0805_2012Metric (layer F.Cu) (tedit 5B36C52B) (tstamp 5EE0215D)
    (at 150.548 68.0065 90)
    (descr "Resistor SMD 0805 (2012 Metric), square (rectangular) end terminal, IPC_7351 nominal, (Body size source: https://docs.google.com/spreadsheets/d/1BsfQQcO9C6DZCsRaXUlFlo91Tg2WpOkGARC1WS5S8t0/edit?usp=sharing), generated with kicad-footprint-generator")
    (tags resistor)
    (path /5EEE48A1)
    (attr smd)
    (fp_text reference R9 (at -0.1755 2.032 180) (layer Dwgs.User) hide
      (effects (font (size 1 1) (thickness 0.15)))
    )
    (fp_text value 30K (at 0 1.65 90) (layer F.Fab)
      (effects (font (size 1 1) (thickness 0.15)))
    )
    (fp_line (start 1.68 0.95) (end -1.68 0.95) (layer F.CrtYd) (width 0.05))
    (fp_line (start 1.68 -0.95) (end 1.68 0.95) (layer F.CrtYd) (width 0.05))
    (fp_line (start -1.68 -0.95) (end 1.68 -0.95) (layer F.CrtYd) (width 0.05))
    (fp_line (start -1.68 0.95) (end -1.68 -0.95) (layer F.CrtYd) (width 0.05))
    (fp_line (start -0.258578 0.71) (end 0.258578 0.71) (layer F.SilkS) (width 0.12))
    (fp_line (start -0.258578 -0.71) (end 0.258578 -0.71) (layer F.SilkS) (width 0.12))
    (fp_line (start 1 0.6) (end -1 0.6) (layer F.Fab) (width 0.1))
    (fp_line (start 1 -0.6) (end 1 0.6) (layer F.Fab) (width 0.1))
    (fp_line (start -1 -0.6) (end 1 -0.6) (layer F.Fab) (width 0.1))
    (fp_line (start -1 0.6) (end -1 -0.6) (layer F.Fab) (width 0.1))
    (fp_text user %R (at 0 0 90) (layer F.Fab)
      (effects (font (size 0.5 0.5) (thickness 0.08)))
    )
    (pad 1 smd roundrect (at -0.9375 0 90) (size 0.975 1.4) (layers F.Cu F.Paste F.Mask) (roundrect_rratio 0.25)
      (net 20 "Net-(J10-Pad2)"))
    (pad 2 smd roundrect (at 0.9375 0 90) (size 0.975 1.4) (layers F.Cu F.Paste F.Mask) (roundrect_rratio 0.25)
      (net 3 +5V))
    (model ${KISYS3DMOD}/Resistor_SMD.3dshapes/R_0805_2012Metric.wrl
      (at (xyz 0 0 0))
      (scale (xyz 1 1 1))
      (rotate (xyz 0 0 0))
    )
  )

  (module Resistor_SMD:R_0805_2012Metric (layer F.Cu) (tedit 5B36C52B) (tstamp 5EE0216E)
    (at 141.9905 73.516)
    (descr "Resistor SMD 0805 (2012 Metric), square (rectangular) end terminal, IPC_7351 nominal, (Body size source: https://docs.google.com/spreadsheets/d/1BsfQQcO9C6DZCsRaXUlFlo91Tg2WpOkGARC1WS5S8t0/edit?usp=sharing), generated with kicad-footprint-generator")
    (tags resistor)
    (path /5ED8C740)
    (attr smd)
    (fp_text reference R4 (at 0.1755 1.778) (layer Dwgs.User) hide
      (effects (font (size 1 1) (thickness 0.15)))
    )
    (fp_text value 30K (at 0 1.65) (layer F.Fab)
      (effects (font (size 1 1) (thickness 0.15)))
    )
    (fp_line (start -1 0.6) (end -1 -0.6) (layer F.Fab) (width 0.1))
    (fp_line (start -1 -0.6) (end 1 -0.6) (layer F.Fab) (width 0.1))
    (fp_line (start 1 -0.6) (end 1 0.6) (layer F.Fab) (width 0.1))
    (fp_line (start 1 0.6) (end -1 0.6) (layer F.Fab) (width 0.1))
    (fp_line (start -0.258578 -0.71) (end 0.258578 -0.71) (layer F.SilkS) (width 0.12))
    (fp_line (start -0.258578 0.71) (end 0.258578 0.71) (layer F.SilkS) (width 0.12))
    (fp_line (start -1.68 0.95) (end -1.68 -0.95) (layer F.CrtYd) (width 0.05))
    (fp_line (start -1.68 -0.95) (end 1.68 -0.95) (layer F.CrtYd) (width 0.05))
    (fp_line (start 1.68 -0.95) (end 1.68 0.95) (layer F.CrtYd) (width 0.05))
    (fp_line (start 1.68 0.95) (end -1.68 0.95) (layer F.CrtYd) (width 0.05))
    (fp_text user %R (at 0 0) (layer F.Fab)
      (effects (font (size 0.5 0.5) (thickness 0.08)))
    )
    (pad 2 smd roundrect (at 0.9375 0) (size 0.975 1.4) (layers F.Cu F.Paste F.Mask) (roundrect_rratio 0.25)
      (net 25 "Net-(R4-Pad2)"))
    (pad 1 smd roundrect (at -0.9375 0) (size 0.975 1.4) (layers F.Cu F.Paste F.Mask) (roundrect_rratio 0.25)
      (net 18 T_sense1))
    (model ${KISYS3DMOD}/Resistor_SMD.3dshapes/R_0805_2012Metric.wrl
      (at (xyz 0 0 0))
      (scale (xyz 1 1 1))
      (rotate (xyz 0 0 0))
    )
  )

  (module Resistor_SMD:R_0805_2012Metric (layer F.Cu) (tedit 5B36C52B) (tstamp 5EE0217F)
    (at 145.0385 63.864 180)
    (descr "Resistor SMD 0805 (2012 Metric), square (rectangular) end terminal, IPC_7351 nominal, (Body size source: https://docs.google.com/spreadsheets/d/1BsfQQcO9C6DZCsRaXUlFlo91Tg2WpOkGARC1WS5S8t0/edit?usp=sharing), generated with kicad-footprint-generator")
    (tags resistor)
    (path /5EEE486E)
    (attr smd)
    (fp_text reference R7 (at -3.2235 0) (layer Dwgs.User) hide
      (effects (font (size 1 1) (thickness 0.15)))
    )
    (fp_text value 30K (at 0 1.65) (layer F.Fab)
      (effects (font (size 1 1) (thickness 0.15)))
    )
    (fp_line (start -1 0.6) (end -1 -0.6) (layer F.Fab) (width 0.1))
    (fp_line (start -1 -0.6) (end 1 -0.6) (layer F.Fab) (width 0.1))
    (fp_line (start 1 -0.6) (end 1 0.6) (layer F.Fab) (width 0.1))
    (fp_line (start 1 0.6) (end -1 0.6) (layer F.Fab) (width 0.1))
    (fp_line (start -0.258578 -0.71) (end 0.258578 -0.71) (layer F.SilkS) (width 0.12))
    (fp_line (start -0.258578 0.71) (end 0.258578 0.71) (layer F.SilkS) (width 0.12))
    (fp_line (start -1.68 0.95) (end -1.68 -0.95) (layer F.CrtYd) (width 0.05))
    (fp_line (start -1.68 -0.95) (end 1.68 -0.95) (layer F.CrtYd) (width 0.05))
    (fp_line (start 1.68 -0.95) (end 1.68 0.95) (layer F.CrtYd) (width 0.05))
    (fp_line (start 1.68 0.95) (end -1.68 0.95) (layer F.CrtYd) (width 0.05))
    (fp_text user %R (at 0 0) (layer F.Fab)
      (effects (font (size 0.5 0.5) (thickness 0.08)))
    )
    (pad 2 smd roundrect (at 0.9375 0 180) (size 0.975 1.4) (layers F.Cu F.Paste F.Mask) (roundrect_rratio 0.25)
      (net 26 "Net-(R7-Pad2)"))
    (pad 1 smd roundrect (at -0.9375 0 180) (size 0.975 1.4) (layers F.Cu F.Paste F.Mask) (roundrect_rratio 0.25)
      (net 17 T_sense2))
    (model ${KISYS3DMOD}/Resistor_SMD.3dshapes/R_0805_2012Metric.wrl
      (at (xyz 0 0 0))
      (scale (xyz 1 1 1))
      (rotate (xyz 0 0 0))
    )
  )

  (module Resistor_SMD:R_0805_2012Metric (layer F.Cu) (tedit 5B36C52B) (tstamp 5EE02190)
    (at 145.0339 61.9336)
    (descr "Resistor SMD 0805 (2012 Metric), square (rectangular) end terminal, IPC_7351 nominal, (Body size source: https://docs.google.com/spreadsheets/d/1BsfQQcO9C6DZCsRaXUlFlo91Tg2WpOkGARC1WS5S8t0/edit?usp=sharing), generated with kicad-footprint-generator")
    (tags resistor)
    (path /5EEE48AD)
    (attr smd)
    (fp_text reference R8 (at 2.6185 0 270) (layer Dwgs.User) hide
      (effects (font (size 1 1) (thickness 0.15)))
    )
    (fp_text value 30K (at 0 1.65) (layer F.Fab)
      (effects (font (size 1 1) (thickness 0.15)))
    )
    (fp_line (start -1 0.6) (end -1 -0.6) (layer F.Fab) (width 0.1))
    (fp_line (start -1 -0.6) (end 1 -0.6) (layer F.Fab) (width 0.1))
    (fp_line (start 1 -0.6) (end 1 0.6) (layer F.Fab) (width 0.1))
    (fp_line (start 1 0.6) (end -1 0.6) (layer F.Fab) (width 0.1))
    (fp_line (start -0.258578 -0.71) (end 0.258578 -0.71) (layer F.SilkS) (width 0.12))
    (fp_line (start -0.258578 0.71) (end 0.258578 0.71) (layer F.SilkS) (width 0.12))
    (fp_line (start -1.68 0.95) (end -1.68 -0.95) (layer F.CrtYd) (width 0.05))
    (fp_line (start -1.68 -0.95) (end 1.68 -0.95) (layer F.CrtYd) (width 0.05))
    (fp_line (start 1.68 -0.95) (end 1.68 0.95) (layer F.CrtYd) (width 0.05))
    (fp_line (start 1.68 0.95) (end -1.68 0.95) (layer F.CrtYd) (width 0.05))
    (fp_text user %R (at 0 0) (layer F.Fab)
      (effects (font (size 0.5 0.5) (thickness 0.08)))
    )
    (pad 2 smd roundrect (at 0.9375 0) (size 0.975 1.4) (layers F.Cu F.Paste F.Mask) (roundrect_rratio 0.25)
      (net 1 GND))
    (pad 1 smd roundrect (at -0.9375 0) (size 0.975 1.4) (layers F.Cu F.Paste F.Mask) (roundrect_rratio 0.25)
      (net 26 "Net-(R7-Pad2)"))
    (model ${KISYS3DMOD}/Resistor_SMD.3dshapes/R_0805_2012Metric.wrl
      (at (xyz 0 0 0))
      (scale (xyz 1 1 1))
      (rotate (xyz 0 0 0))
    )
  )

  (module Package_SO:SO-8_3.9x4.9mm_P1.27mm (layer F.Cu) (tedit 5D9F72B1) (tstamp 5EE0222D)
    (at 144.7822 68.6392 90)
    (descr "SO, 8 Pin (https://www.nxp.com/docs/en/data-sheet/PCF8523.pdf), generated with kicad-footprint-generator ipc_gullwing_generator.py")
    (tags "SO SO")
    (path /5F121C4B)
    (attr smd)
    (fp_text reference U3 (at -0.0508 -0.3302 180) (layer F.SilkS)
      (effects (font (size 1 1) (thickness 0.15)))
    )
    (fp_text value MCP602 (at 0 3.4 90) (layer F.Fab)
      (effects (font (size 1 1) (thickness 0.15)))
    )
    (fp_line (start 3.7 -2.7) (end -3.7 -2.7) (layer F.CrtYd) (width 0.05))
    (fp_line (start 3.7 2.7) (end 3.7 -2.7) (layer F.CrtYd) (width 0.05))
    (fp_line (start -3.7 2.7) (end 3.7 2.7) (layer F.CrtYd) (width 0.05))
    (fp_line (start -3.7 -2.7) (end -3.7 2.7) (layer F.CrtYd) (width 0.05))
    (fp_line (start -1.95 -1.475) (end -0.975 -2.45) (layer F.Fab) (width 0.1))
    (fp_line (start -1.95 2.45) (end -1.95 -1.475) (layer F.Fab) (width 0.1))
    (fp_line (start 1.95 2.45) (end -1.95 2.45) (layer F.Fab) (width 0.1))
    (fp_line (start 1.95 -2.45) (end 1.95 2.45) (layer F.Fab) (width 0.1))
    (fp_line (start -0.975 -2.45) (end 1.95 -2.45) (layer F.Fab) (width 0.1))
    (fp_line (start 0 -2.56) (end -3.45 -2.56) (layer F.SilkS) (width 0.12))
    (fp_line (start 0 -2.56) (end 1.95 -2.56) (layer F.SilkS) (width 0.12))
    (fp_line (start 0 2.56) (end -1.95 2.56) (layer F.SilkS) (width 0.12))
    (fp_line (start 0 2.56) (end 1.95 2.56) (layer F.SilkS) (width 0.12))
    (fp_text user %R (at 0 0 90) (layer F.Fab)
      (effects (font (size 0.98 0.98) (thickness 0.15)))
    )
    (pad 1 smd roundrect (at -2.575 -1.905 90) (size 1.75 0.6) (layers F.Cu F.Paste F.Mask) (roundrect_rratio 0.25)
      (net 18 T_sense1))
    (pad 2 smd roundrect (at -2.575 -0.635 90) (size 1.75 0.6) (layers F.Cu F.Paste F.Mask) (roundrect_rratio 0.25)
      (net 25 "Net-(R4-Pad2)"))
    (pad 3 smd roundrect (at -2.575 0.635 90) (size 1.75 0.6) (layers F.Cu F.Paste F.Mask) (roundrect_rratio 0.25)
      (net 33 "Net-(J3-Pad2)"))
    (pad 4 smd roundrect (at -2.575 1.905 90) (size 1.75 0.6) (layers F.Cu F.Paste F.Mask) (roundrect_rratio 0.25)
      (net 1 GND))
    (pad 5 smd roundrect (at 2.575 1.905 90) (size 1.75 0.6) (layers F.Cu F.Paste F.Mask) (roundrect_rratio 0.25)
      (net 3 +5V))
    (pad 6 smd roundrect (at 2.575 0.635 90) (size 1.75 0.6) (layers F.Cu F.Paste F.Mask) (roundrect_rratio 0.25)
      (net 17 T_sense2))
    (pad 7 smd roundrect (at 2.575 -0.635 90) (size 1.75 0.6) (layers F.Cu F.Paste F.Mask) (roundrect_rratio 0.25)
      (net 26 "Net-(R7-Pad2)"))
    (pad 8 smd roundrect (at 2.575 -1.905 90) (size 1.75 0.6) (layers F.Cu F.Paste F.Mask) (roundrect_rratio 0.25)
      (net 20 "Net-(J10-Pad2)"))
    (model ${KISYS3DMOD}/Package_SO.3dshapes/SO-8_3.9x4.9mm_P1.27mm.wrl
      (at (xyz 0 0 0))
      (scale (xyz 1 1 1))
      (rotate (xyz 0 0 0))
    )
  )

  (module Resistor_SMD:R_2512_6332Metric (layer F.Cu) (tedit 5B301BBD) (tstamp 5EE128DA)
    (at 132.2092 77.9864)
    (descr "Resistor SMD 2512 (6332 Metric), square (rectangular) end terminal, IPC_7351 nominal, (Body size source: http://www.tortai-tech.com/upload/download/2011102023233369053.pdf), generated with kicad-footprint-generator")
    (tags resistor)
    (path /5EDF3AE0)
    (attr smd)
    (fp_text reference R14 (at 0 0) (layer Dwgs.User) hide
      (effects (font (size 1 1) (thickness 0.15)))
    )
    (fp_text value 0.5m (at 0 2.62) (layer F.Fab)
      (effects (font (size 1 1) (thickness 0.15)))
    )
    (fp_line (start -3.15 1.6) (end -3.15 -1.6) (layer F.Fab) (width 0.1))
    (fp_line (start -3.15 -1.6) (end 3.15 -1.6) (layer F.Fab) (width 0.1))
    (fp_line (start 3.15 -1.6) (end 3.15 1.6) (layer F.Fab) (width 0.1))
    (fp_line (start 3.15 1.6) (end -3.15 1.6) (layer F.Fab) (width 0.1))
    (fp_line (start -2.052064 -1.71) (end 2.052064 -1.71) (layer F.SilkS) (width 0.12))
    (fp_line (start -2.052064 1.71) (end 2.052064 1.71) (layer F.SilkS) (width 0.12))
    (fp_line (start -3.82 1.92) (end -3.82 -1.92) (layer F.CrtYd) (width 0.05))
    (fp_line (start -3.82 -1.92) (end 3.82 -1.92) (layer F.CrtYd) (width 0.05))
    (fp_line (start 3.82 -1.92) (end 3.82 1.92) (layer F.CrtYd) (width 0.05))
    (fp_line (start 3.82 1.92) (end -3.82 1.92) (layer F.CrtYd) (width 0.05))
    (fp_text user %R (at 0 0) (layer F.Fab)
      (effects (font (size 1 1) (thickness 0.15)))
    )
    (pad 1 smd roundrect (at -2.9 0) (size 1.35 3.35) (layers F.Cu F.Paste F.Mask) (roundrect_rratio 0.185185)
      (net 32 "Net-(J28-Pad1)"))
    (pad 2 smd roundrect (at 2.9 0) (size 1.35 3.35) (layers F.Cu F.Paste F.Mask) (roundrect_rratio 0.185185)
      (net 31 "Net-(J25-Pad1)"))
    (model ${KISYS3DMOD}/Resistor_SMD.3dshapes/R_2512_6332Metric.wrl
      (at (xyz 0 0 0))
      (scale (xyz 1 1 1))
      (rotate (xyz 0 0 0))
    )
  )

  (module Connector_PinHeader_2.54mm:PinHeader_2x10_P2.54mm_Vertical (layer F.Cu) (tedit 59FED5CC) (tstamp 5EE81773)
    (at 109.96 58.64)
    (descr "Through hole straight pin header, 2x10, 2.54mm pitch, double rows")
    (tags "Through hole pin header THT 2x10 2.54mm double row")
    (path /5F44069A)
    (fp_text reference J9 (at 1.27 -2.33) (layer Dwgs.User) hide
      (effects (font (size 1 1) (thickness 0.15)))
    )
    (fp_text value Conn_02x10_Top_Bottom (at 1.27 25.19) (layer F.Fab)
      (effects (font (size 1 1) (thickness 0.15)))
    )
    (fp_line (start 0 -1.27) (end 3.81 -1.27) (layer F.Fab) (width 0.1))
    (fp_line (start 3.81 -1.27) (end 3.81 24.13) (layer F.Fab) (width 0.1))
    (fp_line (start 3.81 24.13) (end -1.27 24.13) (layer F.Fab) (width 0.1))
    (fp_line (start -1.27 24.13) (end -1.27 0) (layer F.Fab) (width 0.1))
    (fp_line (start -1.27 0) (end 0 -1.27) (layer F.Fab) (width 0.1))
    (fp_line (start -1.33 24.19) (end 3.87 24.19) (layer F.SilkS) (width 0.12))
    (fp_line (start -1.33 1.27) (end -1.33 24.19) (layer F.SilkS) (width 0.12))
    (fp_line (start 3.87 -1.33) (end 3.87 24.19) (layer F.SilkS) (width 0.12))
    (fp_line (start -1.33 1.27) (end 1.27 1.27) (layer F.SilkS) (width 0.12))
    (fp_line (start 1.27 1.27) (end 1.27 -1.33) (layer F.SilkS) (width 0.12))
    (fp_line (start 1.27 -1.33) (end 3.87 -1.33) (layer F.SilkS) (width 0.12))
    (fp_line (start -1.33 0) (end -1.33 -1.33) (layer F.SilkS) (width 0.12))
    (fp_line (start -1.33 -1.33) (end 0 -1.33) (layer F.SilkS) (width 0.12))
    (fp_line (start -1.8 -1.8) (end -1.8 24.65) (layer F.CrtYd) (width 0.05))
    (fp_line (start -1.8 24.65) (end 4.35 24.65) (layer F.CrtYd) (width 0.05))
    (fp_line (start 4.35 24.65) (end 4.35 -1.8) (layer F.CrtYd) (width 0.05))
    (fp_line (start 4.35 -1.8) (end -1.8 -1.8) (layer F.CrtYd) (width 0.05))
    (fp_text user %R (at 1.27 11.43 90) (layer F.Fab)
      (effects (font (size 1 1) (thickness 0.15)))
    )
    (pad 1 thru_hole rect (at 0 0) (size 1.7 1.7) (drill 1) (layers *.Cu *.Mask)
      (net 10 A0))
    (pad 2 thru_hole oval (at 2.54 0) (size 1.7 1.7) (drill 1) (layers *.Cu *.Mask)
      (net 24 I_sense_2))
    (pad 3 thru_hole oval (at 0 2.54) (size 1.7 1.7) (drill 1) (layers *.Cu *.Mask)
      (net 11 A1))
    (pad 4 thru_hole oval (at 2.54 2.54) (size 1.7 1.7) (drill 1) (layers *.Cu *.Mask)
      (net 17 T_sense2))
    (pad 5 thru_hole oval (at 0 5.08) (size 1.7 1.7) (drill 1) (layers *.Cu *.Mask)
      (net 12 A2))
    (pad 6 thru_hole oval (at 2.54 5.08) (size 1.7 1.7) (drill 1) (layers *.Cu *.Mask)
      (net 2 +3V3))
    (pad 7 thru_hole oval (at 0 7.62) (size 1.7 1.7) (drill 1) (layers *.Cu *.Mask)
      (net 13 A3))
    (pad 8 thru_hole oval (at 2.54 7.62) (size 1.7 1.7) (drill 1) (layers *.Cu *.Mask)
      (net 4 SDA))
    (pad 9 thru_hole oval (at 0 10.16) (size 1.7 1.7) (drill 1) (layers *.Cu *.Mask)
      (net 14 A4))
    (pad 10 thru_hole oval (at 2.54 10.16) (size 1.7 1.7) (drill 1) (layers *.Cu *.Mask)
      (net 5 SCL))
    (pad 11 thru_hole oval (at 0 12.7) (size 1.7 1.7) (drill 1) (layers *.Cu *.Mask)
      (net 8 D0))
    (pad 12 thru_hole oval (at 2.54 12.7) (size 1.7 1.7) (drill 1) (layers *.Cu *.Mask)
      (net 23 I_sense_1))
    (pad 13 thru_hole oval (at 0 15.24) (size 1.7 1.7) (drill 1) (layers *.Cu *.Mask)
      (net 9 D1))
    (pad 14 thru_hole oval (at 2.54 15.24) (size 1.7 1.7) (drill 1) (layers *.Cu *.Mask)
      (net 18 T_sense1))
    (pad 15 thru_hole oval (at 0 17.78) (size 1.7 1.7) (drill 1) (layers *.Cu *.Mask)
      (net 19 D2))
    (pad 16 thru_hole oval (at 2.54 17.78) (size 1.7 1.7) (drill 1) (layers *.Cu *.Mask)
      (net 16 D3))
    (pad 17 thru_hole oval (at 0 20.32) (size 1.7 1.7) (drill 1) (layers *.Cu *.Mask)
      (net 21 PWM0))
    (pad 18 thru_hole oval (at 2.54 20.32) (size 1.7 1.7) (drill 1) (layers *.Cu *.Mask)
      (net 3 +5V))
    (pad 19 thru_hole oval (at 0 22.86) (size 1.7 1.7) (drill 1) (layers *.Cu *.Mask)
      (net 22 PWM1))
    (pad 20 thru_hole oval (at 2.54 22.86) (size 1.7 1.7) (drill 1) (layers *.Cu *.Mask)
      (net 1 GND))
    (model ${KISYS3DMOD}/Connector_PinHeader_2.54mm.3dshapes/PinHeader_2x10_P2.54mm_Vertical.wrl
      (at (xyz 0 0 0))
      (scale (xyz 1 1 1))
      (rotate (xyz 0 0 0))
    )
  )

  (module Resistor_SMD:R_0805_2012Metric (layer F.Cu) (tedit 5B36C52B) (tstamp 5EE16F64)
    (at 117.528 69.6275 90)
    (descr "Resistor SMD 0805 (2012 Metric), square (rectangular) end terminal, IPC_7351 nominal, (Body size source: https://docs.google.com/spreadsheets/d/1BsfQQcO9C6DZCsRaXUlFlo91Tg2WpOkGARC1WS5S8t0/edit?usp=sharing), generated with kicad-footprint-generator")
    (tags resistor)
    (path /5F44479A)
    (attr smd)
    (fp_text reference R1 (at -2.5654 -0.0508 270) (layer Dwgs.User) hide
      (effects (font (size 1 1) (thickness 0.15)))
    )
    (fp_text value 4.7k (at 0 1.65 90) (layer F.Fab)
      (effects (font (size 1 1) (thickness 0.15)))
    )
    (fp_line (start 1.68 0.95) (end -1.68 0.95) (layer F.CrtYd) (width 0.05))
    (fp_line (start 1.68 -0.95) (end 1.68 0.95) (layer F.CrtYd) (width 0.05))
    (fp_line (start -1.68 -0.95) (end 1.68 -0.95) (layer F.CrtYd) (width 0.05))
    (fp_line (start -1.68 0.95) (end -1.68 -0.95) (layer F.CrtYd) (width 0.05))
    (fp_line (start -0.258578 0.71) (end 0.258578 0.71) (layer F.SilkS) (width 0.12))
    (fp_line (start -0.258578 -0.71) (end 0.258578 -0.71) (layer F.SilkS) (width 0.12))
    (fp_line (start 1 0.6) (end -1 0.6) (layer F.Fab) (width 0.1))
    (fp_line (start 1 -0.6) (end 1 0.6) (layer F.Fab) (width 0.1))
    (fp_line (start -1 -0.6) (end 1 -0.6) (layer F.Fab) (width 0.1))
    (fp_line (start -1 0.6) (end -1 -0.6) (layer F.Fab) (width 0.1))
    (fp_text user %R (at 0 0 90) (layer F.Fab)
